18	10323695	10323131	4
18	10406216	10405132	1
18	10414371	10406137	0
18	10617014	10612401	0
18	10617018	10612303	0
18	10626354	10616832	0
18	10628847	10627645	0
18	10672748	10666482	0
18	10672874	10670240	0
18	10672874	10670247	0
18	10672874	10671125	0
18	10672874	10671526	0
18	10672874	10671698	0
18	10677876	10675208	0
18	10680364	10677746	0
18	10680372	10677516	0
18	10680372	10677746	0
18	10705747	10704393	0
18	10708440	10705335	0
18	10714931	10705335	0
18	10714931	10708274	0
18	10731522	10718199	0
18	10741103	10736603	0
18	10742616	10737662	0
18	10742616	10741030	0
18	10759910	10759481	0
18	10770309	10762921	0
18	10770309	10763276	0
18	10773565	10769759	0
18	10773630	10770143	0
18	10773630	10770147	0
18	10774039	10773411	0
18	10780367	10773411	0
18	10784958	10773411	0
18	10784958	10773530	0
18	10797523	10794771	0
18	10800476	10797373	0
18	10800476	10797496	0
18	10857212	10855352	0
18	10871416	10857000	0
18	10871416	10857064	0
18	10911229	10871252	0
18	11368653	11366912	0
18	11489370	11447755	0
18	1160405	1159197	0
18	11621159	11620716	0
18	11621307	11619508	0
18	11621307	11619714	0
18	11811485	11810405	0
18	11852752	11851413	51
18	11853966	11854102	5
18	11885044	11883689	1
18	11885044	11884052	1
18	11885044	11884194	1
18	11885122	11884165	2
18	11885817	11882621	1
18	11885817	11883470	0
18	11885817	11884052	2
18	11885817	11884067	2
18	11885817	11884876	0
18	11885817	11884878	0
18	11885817	11884892	0
18	11885913	11884489	0
18	11886622	11885675	4
18	11886622	11885759	4
18	11886779	11885675	4
18	11886779	11886498	4
18	11886782	11886114	4
18	11886782	11886498	4
18	11886797	11886498	4
18	11887026	11884052	4
18	11887026	11884878	1
18	11887026	11885675	4
18	11887026	11886498	4
18	11887026	11886712	4
18	11887026	11886720	4
18	11888744	11885675	0
18	11888744	11886916	0
18	11889416	11886916	0
18	11889491	11888668	0
18	11889491	11888703	0
18	11893567	11889386	0
18	11893577	11889386	0
18	11893577	11889455	0
18	11893577	11891185	1
18	11895278	11889386	0
18	11895278	11893467	0
18	11897045	11895184	0
18	11897092	11893047	0
18	11897132	11895184	0
18	11897161	11893467	0
18	11897164	11893467	0
18	11897278	11893467	0
18	11897357	11893467	0
18	11897621	11896982	2
18	11897621	11896983	2
18	11897621	11897055	1
18	11902359	11896988	2
18	11902756	11897525	2
18	11905280	11897299	1
18	11905459	11897326	3
18	11905954	11896983	2
18	11905954	11897035	3
18	11905954	11897058	3
18	11905954	11897525	1
18	11905954	11902266	1
18	11905954	11902748	2
18	11905954	11905181	1
18	11905954	11905346	1
18	11906310	11896983	1
18	11906310	11897185	2
18	11906310	11897525	2
18	11906310	11902266	2
18	11906310	11902779	2
18	11906310	11905737	0
18	11906310	11905911	2
18	11908274	11896983	0
18	11908277	11906202	0
18	11908296	11906202	0
18	11908302	11906202	0
18	11908309	11906202	0
18	11908316	11905825	0
18	11908316	11906202	0
18	11908318	11906202	0
18	11908331	11906202	0
18	11908332	11906202	0
18	11908348	11906202	0
18	11908349	11906202	0
18	11908350	11906202	0
18	11908351	11896983	0
18	11908351	11906202	0
18	11908367	11906202	0
18	11909224	11906202	0
18	11914345	11910633	0
18	11994939	11993987	0
18	12032182	12031177	0
18	12068418	12067172	0
18	12231574	12230410	0
18	12308350	12308686	39
18	12325101	12325182	114
18	12337536	12328943	12
18	12344248	12340200	30
18	12348329	12340936	21
18	12348384	12344131	21
18	12358944	12356693	6
18	12360052	12358669	3
18	12360052	12358703	11
18	12360234	12358804	7
18	12419948	12420324	1
18	12420149	12420324	0
18	12443576	12447543	0
18	12452392	12446511	0
18	12452392	12446512	0
18	12452392	12449503	4
18	12452392	12449508	4
18	12452392	12449572	4
18	12452392	12449665	3
18	12452392	12449667	3
18	12452392	12449809	3
18	12452444	12449505	4
18	12493150	12479698	0
18	12493202	12454345	0
18	12493202	12479698	0
18	12493202	12485958	1
18	12496103	12493071	0
18	12496103	12493138	0
18	12506520	12496015	0
18	12506642	12496015	0
18	12512532	12506476	0
18	12512532	12506495	0
18	12516226	12512453	0
18	12535602	12512453	0
18	12535602	12512512	0
18	12546905	12535475	0
18	12546905	12535477	0
18	12635097	12535475	0
18	12673504	12661832	0
18	12674754	12672631	0
18	12674754	12673096	0
18	12674754	12673387	0
18	12678443	12674535	0
18	12679291	12678108	0
18	12680829	12678108	0
18	12680829	12678330	0
18	12686451	12680661	0
18	12691488	12684295	0
18	12691488	12686261	1
18	12692313	12691358	0
18	12695320	12686261	0
18	12695352	12691232	1
18	12695352	12691358	1
18	12695352	12691432	2
18	12697409	12695253	2
18	1269853	1254382	1
18	12699124	12697222	6
18	12699166	12697222	11
18	12699166	12697311	9
18	12699204	12697222	11
18	12699901	12697222	9
18	12699901	12698978	15
18	12699906	12697222	9
18	12699906	12698792	17
18	12699906	12698978	15
18	12701114	12698978	9
18	1272512	1268310	0
18	1272512	1269010	0
18	1272512	1269175	0
18	1272512	1269566	0
18	1272512	1269671	0
18	1272512	1269686	0
18	1272512	1269820	0
18	12749534	12739489	0
18	12750069	12738964	0
18	12765456	12749293	0
18	12776138	12765276	0
18	12788151	12785505	6
18	12793575	12785480	4
18	12794486	12785477	4
18	12794486	12785480	4
18	12794486	12785684	5
18	12794486	12788064	4
18	12794486	12793481	27
18	12802152	12785482	3
18	12802152	12792152	4
18	12802152	12792301	2
18	12802152	12793834	3
18	12802152	12794111	1
18	12802152	12794383	10
18	12802154	12794383	10
18	12814306	12801969	0
18	12814356	12801969	0
18	12814356	12801988	0
18	12817266	12814324	14
18	12817366	12814196	7
18	12817366	12814202	12
18	12819001	12817155	27
18	12819283	12817155	19
18	12821426	12817155	18
18	12825945	12817155	6
18	12825945	12817180	6
18	12825945	12819213	17
18	12825945	12821335	13
18	12831042	12801969	2
18	12831042	12817155	9
18	12831042	12825803	5
18	12831042	12825809	5
18	12836825	12830942	2
18	12836892	12830942	2
18	12839558	12836790	2
18	12840963	12836790	2
18	12859255	12836790	0
18	12859255	12836823	0
18	12862474	12859163	0
18	12862717	12859163	0
18	12862745	12859163	0
18	12869123	12859163	0
18	12880693	12859163	0
18	12884199	12836790	0
18	12884215	12859163	0
18	12884223	12836790	0
18	12884236	12859163	0
18	12884278	12859163	0
18	12884282	12859163	0
18	12884339	12859163	0
18	12929644	12859163	0
18	12987038	12984693	11
18	12991174	12986873	0
18	13057734	13058293	3
18	13057734	13059081	1
18	13058436	13059081	1
18	13185618	13183401	0
18	13216326	13214082	0
18	13216368	13203773	0
18	13236471	13234944	0
18	13366244	13362202	0
18	13423694	13419420	0
18	13461465	13461019	0
18	13472671	13471849	0
18	13501290	13500640	0
18	13522889	13514519	0
18	1353463	1275965	0
18	13563001	13561398	0
18	1358761	1272441	0
18	1358761	1273360	0
18	1358761	1275965	0
18	1358761	1278567	0
18	1358761	1353406	0
18	1358763	1275965	0
18	1363874	1362444	2
18	13645686	13644814	0
18	13670969	13666230	39
18	13671940	13670870	20
18	13671974	13663346	20
18	13671974	13663350	21
18	13671974	13666493	31
18	13682106	13666002	13
18	13682106	13671861	6
18	13682106	13671911	6
18	1368598	1272441	0
18	1368598	1275965	0
18	13726506	13681604	5
18	13726561	13697546	0
18	13726587	13681604	2
18	13726593	13665882	1
18	13726593	13681604	2
18	13726664	13687742	1
18	13760209	13762038	41
18	13762438	13764111	76
18	13915541	13882043	0
18	13915708	13885148	0
18	1392186	1368289	0
18	1407179	1368484	0
18	1407181	1368484	0
18	14077527	14057456	0
18	14078299	14071121	0
18	14078299	14075993	0
18	14078299	14077328	0
18	14078299	14077505	0
18	14080267	14078199	1
18	14080267	14078273	1
18	1408345	1368088	0
18	14084348	14080188	0
18	14084348	14082166	0
18	14085077	14078199	0
18	14085077	14080188	0
18	14104866	14105033	2
18	14123208	14122162	0
18	14124477	14084876	0
18	14124477	14099937	0
18	14124477	14103862	0
18	14124477	14121792	1
18	14124477	14123113	2
18	14132429	14084876	0
18	14132429	14124349	1
18	14132430	14124349	1
18	14132431	14124349	1
18	14132433	14124045	1
18	14132435	14084876	0
18	14132439	14124349	1
18	14132454	14084876	0
18	14132458	14105993	0
18	14132491	14084876	0
18	14144686	14143595	0
18	14156355	14153000	0
18	14338277	14338521	0
18	14338592	14338776	0
18	14338897	14339511	0
18	14341636	14342224	0
18	14490581	14477954	0
18	14513786	14507338	0
18	14513786	14511897	0
18	14529046	14527815	0
18	14530554	14523462	0
18	14530554	14524912	0
18	14530554	14528824	0
18	14530554	14528960	0
18	14533199	14530482	0
18	14825250	14816150	0
18	14890087	14888708	1
18	14959	14194	0
18	14969758	14969000	3
18	14970469	14969605	1
18	15004604	15003974	0
18	15066599	15056844	0
18	15164468	15159723	0
18	15197730	15196998	0
18	15316754	15307662	0
18	15316766	15313555	0
18	15319569	15315498	0
18	15319569	15316484	0
18	15319569	15316674	0
18	15322292	15319492	0
18	15323363	15319503	0
18	16899	14489	0
18	1886448	1883523	0
18	1886448	1883703	0
18	1929095	1927726	0
18	2059636	2034519	0
18	20953786	20946905	27
18	20953786	20949951	36
18	20954871	20953289	20
18	20955045	20953577	24
18	20955246	20954782	31
18	20955468	20954853	34
18	20968861	20967751	6
18	20969209	20968771	3
18	20969355	20968484	4
18	20970514	20969114	3
18	20980005	20969957	0
18	20980005	20970347	0
18	210032	210385	68
18	21045468	21044101	1
18	21049212	21045044	0
18	21049230	21045291	0
18	21241372	21240674	0
18	2126378	2034678	0
18	2126378	2045944	0
18	21387588	21380285	0
18	21451018	21401820	0
18	21532661	21529280	4
18	21532661	21529302	4
18	21532661	21529309	4
18	215505	214519	29
18	215505	214520	29
18	215505	214521	29
18	215779	214520	30
18	21597000	21593042	16
18	21600737	21584309	2
18	21600885	21584309	2
18	21630486	21633127	2
18	21656957	21654888	0
18	21657027	21650896	0
18	21657027	21650927	0
18	21657027	21651096	2
18	21657027	21651692	3
18	21659344	21657103	0
18	21662396	21661786	0
18	216634	215428	41
18	21664231	21659169	1
18	21664231	21659179	1
18	21664535	21659169	0
18	21683966	21659169	0
18	21683966	21663677	0
18	21683966	21664117	0
18	21683966	21682899	0
18	21702499	21659169	0
18	21702499	21663849	0
18	21702499	21683780	0
18	21702499	21683919	0
18	21703678	21702315	0
18	21703689	21702315	0
18	21703748	21701275	0
18	21703748	21702315	0
18	21703826	21702315	0
18	21830741	21829086	0
18	21830795	21825486	0
18	21830795	21829432	0
18	21893997	21871445	0
18	218970	216485	39
18	219007	216208	36
18	22165863	22165319	0
18	22167782	22164885	0
18	22167804	22166915	0
18	22167804	22167288	0
18	22167943	22166978	0
18	22168163	22167603	0
18	22168371	22167669	0
18	22168438	22168043	0
18	22168446	22168085	0
18	22168922	22167733	0
18	22168969	22166897	0
18	22169453	22168228	0
18	22176663	22175464	2
18	22205230	22200618	0
18	2239880	1906552	0
18	224180	223439	17
18	224185	223439	17
18	224201	223439	17
18	224995	223439	23
18	224995	224083	16
18	225140	224083	18
18	225404	224083	15
18	225404	224923	18
18	225404	225088	20
18	226403	224923	18
18	226902	224923	18
18	226902	225088	23
18	226902	225288	21
18	226902	225336	21
18	22704921	22699480	0
18	22730852	22723502	0
18	22754646	22723490	0
18	22786859	22784364	0
18	22786874	22723492	0
18	22907722	22791123	0
18	22920872	22704820	0
18	22933765	22920761	0
18	23214745	23204386	1
18	23219256	23197754	1
18	23227009	23197143	0
18	23260355	23257163	6
18	23298068	23297747	0
18	23309745	23214601	0
18	23309745	23219130	0
18	23309745	23296012	0
18	23309745	23296016	0
18	23309745	23297874	0
18	23309745	23297876	0
18	23309745	23297893	0
18	23309745	23298007	0
18	23352290	23309679	0
18	23356664	23352195	0
18	23356664	23352254	0
18	23356664	23352284	0
18	23365669	23356593	0
18	23365669	23356629	0
18	23368751	23365633	0
18	23370262	23365634	0
18	23371471	23356593	0
18	23371471	23368714	0
18	23371471	23370215	0
18	23373764	23356593	0
18	23373764	23368714	0
18	23373764	23370215	0
18	23373764	23371421	0
18	23373764	23371447	0
18	23464113	23464205	113
18	23477087	23477178	338
18	23529299	23529634	23
18	23529423	23529634	21
18	23530298	23530386	32
18	23530298	23530510	37
18	23533441	23528206	26
18	23533518	23506183	11
18	23533518	23522314	21
18	23533518	23529292	11
18	23533518	23531436	11
18	23533518	23531945	10
18	23534560	23531721	16
18	23534560	23533354	9
18	23534561	23533201	14
18	23535701	23533354	13
18	23536877	23535468	7
18	23538672	23536672	6
18	23538672	23536741	7
18	23538926	23536699	8
18	23539899	23538541	8
18	23540002	23539354	10
18	23540538	23539729	7
18	23540538	23539810	8
18	23540538	23539822	8
18	23551728	23548005	2
18	23554985	23544959	5
18	23554985	23551626	1
18	23554986	23551545	1
18	23573575	23572073	0
18	23576948	23573451	0
18	23586488	23568822	1
18	23586899	23573451	1
18	23609292	23601045	0
18	23612191	23598925	0
18	23612191	23600009	0
18	23617828	23600459	0
18	23617828	23601276	0
18	23619630	23617731	0
18	23619724	23618540	0
18	23619825	23617731	0
18	23629921	23619530	0
18	23629952	23619530	0
18	23634150	23619530	0
18	23634150	23629851	0
18	23634150	23629852	0
18	23634150	23629856	0
18	23649194	23646188	0
18	23662773	23648410	0
18	23662816	23649082	0
18	23662884	23649082	0
18	23662886	23649082	0
18	23931202	23931419	0
18	23982557	23957753	0
18	24000563	23994212	0
18	24099321	24076793	0
18	24121004	24113636	3
18	24160878	24159508	1
18	24162212	24160777	0
18	24165156	24162043	2
18	24165156	24162044	2
18	24165156	24163133	2
18	24165156	24163156	2
18	24171499	24170326	5
18	24172484	24171408	7
18	24172484	24171479	5
18	24179836	24172375	3
18	24179836	24178012	0
18	24196201	24172375	0
18	24196201	24181144	0
18	24196203	24195959	0
18	24225199	24196034	0
18	24225199	24196124	0
18	24239383	24225041	0
18	24239383	24225066	0
18	24280949	24239219	0
18	24301325	24280841	0
18	24302752	24280841	0
18	24303719	24280841	0
18	24318810	24318600	0
18	24333087	24318747	0
18	24333087	24318755	0
18	24366967	24334244	0
18	24366967	24341546	0
18	24366967	24347664	0
18	24366967	24357124	0
18	24368373	24334244	0
18	24368373	24341546	0
18	24368373	24366404	0
18	24368373	24366891	0
18	24368590	24368286	0
18	24377536	24341546	0
18	24377536	24347657	0
18	24377536	24366891	0
18	24377536	24368286	0
18	24377536	24368366	0
18	24377539	24367933	0
18	24426744	24427918	3
18	24426793	24427918	2
18	24450815	24451360	26
18	24450815	24453149	6
18	24450868	24451360	26
18	24451426	24453149	2
18	24518089	24516698	0
18	24542024	24517961	0
18	245735	226800	5
18	246434	226800	4
18	246456	226800	4
18	246456	244947	16
18	247909	246323	6
18	247952	246323	10
18	247958	246067	10
18	247958	246323	10
18	24987666	24954206	0
18	24987683	24933486	0
18	25089581	25061925	0
18	25089581	25062424	1
18	25089581	25062450	1
18	25089581	25062592	0
18	25195245	25091949	0
18	25195245	25136717	0
18	25224116	25195159	0
18	25224790	25195159	0
18	25227698	25195159	0
18	25227698	25224035	1
18	25231531	25227202	0
18	252613	246323	6
18	25273596	25227387	0
18	25322188	25224344	0
18	25322188	25227243	0
18	25322188	25227485	0
18	25322188	25227586	0
18	25322188	25227606	0
18	25322188	25315523	0
18	25322336	25227619	0
18	25327449	25322007	0
18	25345348	25322007	0
18	25350948	25322007	0
18	25350994	25322007	0
18	25351194	25322136	0
18	25352149	25322007	0
18	25352150	25322007	0
18	254356	252538	5
18	2544287	2537529	0
18	2544287	2538452	0
18	2544760	2537524	0
18	2547530	2537530	0
18	2555039	2547354	0
18	2555039	2552694	0
18	2563860	2552694	0
18	2563860	2554668	0
18	2563860	2554785	0
18	2567614	2563796	1
18	2567655	2563796	1
18	2567655	2567006	2
18	2571234	2567511	1
18	2571472	2567511	1
18	2571487	2566820	0
18	2571510	2566820	0
18	259276	254272	5
18	259276	254280	5
18	2594914	2593673	2
18	259731	259179	4
18	260219	259235	7
18	26032533	26016252	10
18	26032533	26017342	11
18	26032533	26017884	6
18	26032533	26018006	3
18	26032533	26018013	3
18	26032533	26018119	1
18	26032533	26018349	3
18	26032533	26023612	2
18	26035128	26032398	14
18	26035615	26032398	9
18	26035924	26035004	24
18	26035924	26035090	30
18	26038660	26035004	9
18	26039457	26038554	3
18	26052846	26039288	1
18	26052846	26039409	3
18	26057743	26052623	1
18	26057743	26052681	3
18	26057743	26052704	3
18	26057743	26052742	3
18	26057743	26052770	2
18	26057743	26052822	2
18	26068558	26057588	1
18	26068558	26057698	1
18	26078161	26057588	1
18	26078161	26057611	1
18	26078161	26057694	1
18	26078161	26057718	1
18	26078161	26057731	1
18	26078161	26064831	0
18	26078161	26068493	0
18	26078387	26068259	0
18	26079126	26078075	4
18	26079147	26078075	4
18	26080424	26078075	3
18	26080424	26078102	3
18	26081366	26078075	2
18	26082529	26078075	1
18	26082529	26079010	2
18	26082529	26080304	3
18	26084176	26078075	1
18	26084176	26079010	1
18	26084176	26082362	1
18	26084176	26082382	1
18	26087578	26057588	1
18	26087578	26078075	1
18	26087578	26079010	2
18	26087578	26080304	0
18	26087578	26080370	0
18	26087578	26081224	1
18	26087578	26082362	0
18	26090614	26078075	2
18	264093	260185	5
18	264093	260717	6
18	26459926	26454909	0
18	26459926	26454912	0
18	26459926	26454973	0
18	26459926	26455497	0
18	26459926	26455759	0
18	26459926	26455769	0
18	26459926	26455891	0
18	26460877	26459619	0
18	26476660	26459619	0
18	26476892	26455712	0
18	26501251	26459788	0
18	265364	260185	6
18	265364	263492	7
18	265364	264025	9
18	26547000	26501071	0
18	26548591	26501071	0
18	26549436	26501071	0
18	26549815	26501071	0
18	26549820	26501071	0
18	265531	264939	3
18	265531	265302	0
18	265537	265456	0
18	2655396	2652169	0
18	26575627	26565722	0
18	26629238	26501071	0
18	26629243	26501071	0
18	26657395	26581161	0
18	26657402	26501071	0
18	26688155	26689354	0
18	26703639	26687620	0
18	268020	265088	5
18	268020	265456	0
18	268023	265456	0
18	268028	265456	0
18	268046	265456	0
18	268051	265456	0
18	26823980	26822812	0
18	26860853	26852037	0
18	26860853	26855816	0
18	26860853	26856210	0
18	26860853	26856288	0
18	26861296	26860690	0
18	26861296	26860771	0
18	26861296	26860784	0
18	26862177	26861130	0
18	26862407	26861130	0
18	26862474	26861130	0
18	26862593	26861253	0
18	26862597	26861130	0
18	26862849	26861130	0
18	2691881	2688563	1
18	26944367	26906480	0
18	26944367	26915776	0
18	27024158	26915778	0
18	27024158	26944328	0
18	27338703	27336378	0
18	27338703	27336990	0
18	27338780	27336692	0
18	27342685	27340741	0
18	27342691	27338606	0
18	27374248	27338606	0
18	27420436	27418883	0
18	27501866	27338606	0
18	27582016	27501678	0
18	27582016	27578855	0
18	27963522	27950965	9
18	27963522	27951080	28
18	27983084	27963356	1
18	28005994	28002996	3
18	28009873	28005848	3
18	28009873	28005969	1
18	28011993	28009716	1
18	28011993	28009803	4
18	28013910	28011845	0
18	28013910	28011917	0
18	2808517	2691673	2
18	28147785	28013682	0
18	2832924	2808454	0
18	2833066	2822354	0
18	2920882	2916993	6
18	2921648	2920777	6
18	2922200	2921532	6
18	29281594	29278508	0
18	2940713	2939479	3
18	2951357	2940604	1
18	2954600	2951054	7
18	2960850	2954503	3
18	2960850	2954515	3
18	2977186	2972359	0
18	2982874	2960648	0
18	3011948	2960648	0
18	3013316	2960648	0
18	3071890	3066806	0
18	3071890	3066807	0
18	3071890	3066952	0
18	3071890	3067264	0
18	3075762	3075453	0
18	3079343	3075724	0
18	3079343	3075737	0
18	3094307	3090657	0
18	30980081	30954819	0
18	30994497	30990085	2
18	30994497	30994125	0
18	30997049	30990007	0
18	31068345	31065973	1
18	31069152	31058839	0
18	31069152	31065997	0
18	31130839	31129235	0
18	31131843	31129235	0
18	31131843	31130792	0
18	31132690	31131593	0
18	31162857	31159444	0
18	3119996	3116330	0
18	3126898	3119868	0
18	3126898	3119971	0
18	31347821	31343367	0
18	31347821	31343383	0
18	31353937	31347719	0
18	31354454	31347667	0
18	31354454	31347719	0
18	31354454	31353961	0
18	3135731	3134649	0
18	3135731	3134657	0
18	31364286	31354311	0
18	31401668	31364148	0
18	3142020	3135057	0
18	3142064	3135546	0
18	31426928	31354311	0
18	31426989	31364148	0
18	31497196	31496644	0
18	31543396	31542145	2
18	31545907	31543101	0
18	31550398	31545735	10
18	31554716	31550037	0
18	31554716	31550131	0
18	31598607	31598630	0
18	31626385	31622246	14
18	31626385	31623168	14
18	31626385	31624662	16
18	31626385	31625484	11
18	31658090	31645354	0
18	31658465	31630958	0
18	31666373	31657974	0
18	31666373	31657975	0
18	31684572	31657975	1
18	31685837	31666255	0
18	316987	318867	0
18	31724676	31724818	0
18	317367	316739	0
18	31832174	31829172	14
18	31832174	31829937	14
18	31832174	31830497	14
18	31832174	31830589	14
18	31832174	31830597	14
18	31832596	31830920	13
18	31846818	31839311	2
18	31849740	31846715	3
18	31849740	31846750	4
18	31870503	31867401	1
18	31871024	31870013	2
18	31871121	31870371	2
18	31873539	31870925	0
18	31873539	31871065	0
18	31874705	31873429	1
18	31890867	31873569	0
18	31890867	31874479	1
18	31891208	31874479	1
18	31897892	31890734	0
18	31913523	31909666	1
18	31916447	31913368	0
18	31916447	31913501	0
18	31931524	31917577	0
18	31931524	31926467	0
18	31939463	31931328	0
18	31942894	31931328	0
18	31942990	31931328	0
18	31943027	31931328	0
18	31943101	31931328	0
18	31943107	31931328	0
18	31943137	31942607	3
18	31953137	31939394	0
18	32041984	32042178	0
18	32092120	32091294	2
18	32124479	32122399	38
18	32136461	32124876	0
18	321808	316739	0
18	321808	319360	0
18	32249033	32245945	0
18	32270384	32263521	0
18	32270384	32267499	0
18	32287096	32136367	0
18	32288204	32270216	1
18	32310324	32287030	0
18	32310324	32287875	0
18	32412672	32412869	293
18	32470433	32392894	0
18	32470485	32392894	0
18	3249444	3249561	16
18	3255606	3255745	13
18	3256323	3255435	45
18	3256323	3255437	45
18	32677331	32672670	0
18	32742050	32695462	0
18	32742050	32733686	0
18	32770635	32741927	0
18	32772168	32769990	0
18	32772880	32769644	0
18	32773063	32769644	0
18	32974682	32937401	0
18	32974682	32937402	0
18	32974682	32937405	0
18	32974682	32937406	0
18	32974682	32937624	0
18	32974682	32937663	0
18	32974682	32937671	0
18	32974682	32958002	0
18	33323634	33293158	0
18	33333395	33323150	0
18	33333395	33323490	0
18	33346223	33333173	0
18	33346412	33333173	0
18	33346412	33333178	0
18	33370190	32974546	0
18	33370190	33356323	0
18	33389630	33370049	0
18	33389630	33370086	0
18	33440019	33412030	0
18	33440046	33412030	0
18	33440082	33412030	0
18	33440082	33437632	0
18	33440083	33412030	0
18	3348251	3347775	0
18	33578188	33552122	0
18	33883425	33851099	0
18	33883425	33852289	0
18	33883425	33852449	0
18	33883425	33852588	0
18	33943179	33883243	0
18	33943179	33883364	0
18	33958419	33883243	0
18	34019602	33958238	0
18	34093598	34019317	0
18	34104160	34093460	0
18	34104160	34093464	0
18	34105161	34104046	0
18	34105161	34104051	0
18	34105161	34104123	0
18	34121317	34105048	0
18	34128890	34105048	0
18	34130021	34104053	0
18	34130021	34105048	0
18	34130021	34105124	0
18	34222093	34129870	0
18	34222111	34129870	0
18	34222290	34183517	0
18	34222319	34129870	0
18	34222324	34129870	0
18	34223206	34129870	0
18	34223472	34129870	0
18	34223552	34129870	0
18	34224215	34223331	0
18	34224911	34223934	0
18	34224953	34223906	0
18	3449657	3449841	9
18	3450071	3450321	5
18	3450071	3450324	5
18	34755636	34737794	0
18	34760064	34755457	0
18	34765995	34759932	0
18	34767664	34765933	0
18	34893274	34892019	0
18	34902886	34892075	0
18	3502646	3496031	0
18	3502646	3498866	0
18	3502646	3498916	0
18	3502646	3499003	0
18	3508662	3502136	0
18	3508662	3502218	0
18	3508662	3502492	0
18	35254989	35253458	3
18	35258867	35256268	1
18	35259704	35258828	2
18	35263658	35251065	1
18	35263658	35251067	1
18	35263658	35260642	1
18	35264047	35263295	2
18	35264224	35260374	0
18	35264385	35263295	1
18	35264456	35263512	1
18	35264456	35263584	2
18	35267680	35263944	0
18	35267680	35264209	1
18	35267683	35264145	1
18	35290198	35263944	1
18	35290202	35280866	2
18	35290209	35263944	1
18	35290222	35263944	1
18	35290230	35267475	0
18	35290233	35267475	0
18	35290233	35289344	1
18	35290246	35251057	0
18	35290392	35291009	1
18	35339977	35332211	87
18	35339977	35332226	89
18	35340655	35339828	159
18	35340734	35339828	68
18	35342676	35340362	45
18	35343933	35340344	57
18	35344457	35340230	35
18	35344722	35340234	14
18	35369661	35366696	0
18	35373601	35367602	0
18	35373601	35369315	0
18	35374365	35372829	0
18	35374365	35373455	0
18	35374824	35374173	0
18	35376271	35373898	0
18	35377338	35373875	0
18	35446956	35443868	0
18	35446956	35443870	0
18	35446956	35445742	0
18	35447543	35446907	0
18	35466753	35446874	0
18	35467082	35446874	0
18	35467089	35447484	0
18	35478350	35452229	0
18	35478350	35468332	0
18	35478350	35468462	0
18	35478350	35468583	0
18	35478350	35468670	3
18	35478350	35468710	3
18	35479412	35478281	0
18	35480564	35478994	0
18	35480564	35479299	0
18	35480564	35479330	0
18	35487440	35480452	0
18	35487471	35480452	0
18	35487824	35480455	0
18	35489386	35487385	0
18	35496883	35480466	0
18	35497600	35496774	0
18	35497650	35480452	0
18	35497905	35468333	0
18	35497934	35480452	0
18	35497936	35489331	0
18	35497941	35446874	0
18	35497944	35489331	0
18	35497961	35478281	0
18	35497961	35489077	0
18	35497980	35480452	0
18	35497992	35480452	0
18	3582165	3567489	0
18	3582249	3567489	0
18	35952800	35951802	0
18	35966119	35951802	0
18	3596676	3597175	4
18	35972806	35972884	79
18	35972841	35973591	97
18	35985387	35984386	0
18	35985387	35984388	0
18	35990596	35985337	0
18	35990596	35988731	2
18	35993164	35990525	22
18	35993301	35989823	18
18	35993301	35989885	18
18	35993301	35990525	13
18	36027076	35989823	5
18	36027076	35993039	5
18	36027076	35993101	3
18	36027076	36025598	13
18	36027311	36024888	17
18	36027311	36026899	16
18	36028191	36025598	10
18	36033838	36030990	4
18	36040866	36033707	1
18	36040866	36033751	1
18	36063076	36040806	0
18	36063076	36052874	0
18	36067531	36040806	1
18	36067557	36033707	0
18	36067558	36033707	0
18	36067560	36040806	0
18	36067577	36033707	0
18	36111250	36108531	27
18	36111250	36109147	32
18	36112582	36110999	23
18	36112582	36111055	23
18	36112582	36111058	23
18	36167048	36167155	38
18	36187449	36179995	3
18	3656114	3567489	0
18	3656114	3581874	0
18	36781923	36780023	0
18	36798586	36777646	0
18	36798610	36780026	0
18	36798610	36781798	0
18	36798610	36782984	0
18	36798610	36786572	0
18	36798610	36788692	0
18	36798610	36794105	1
18	36798610	36796071	1
18	36798610	36796925	1
18	36800263	36798448	0
18	36800312	36798017	0
18	36800312	36798377	0
18	36800312	36798448	0
18	36800312	36798466	0
18	36805398	36800197	0
18	36805503	36786484	0
18	36805503	36800197	1
18	36805503	36800224	1
18	36807935	36800197	0
18	36807935	36805373	0
18	36807935	36805991	0
18	36817772	36807846	0
18	36818928	36807846	0
18	36818974	36807537	0
18	36818974	36807846	0
18	36818974	36817594	0
18	36818993	36807846	0
18	36821130	36818893	0
18	36823872	36807846	0
18	36823872	36818893	0
18	36828731	36818893	2
18	36828782	36818893	1
18	36828788	36818893	1
18	36828805	36818893	1
18	36828843	36818893	1
18	36828964	36818893	1
18	36828987	36818893	0
18	36828989	36818893	0
18	36829012	36818512	0
18	36829025	36818893	0
18	36829196	36818893	0
18	36829217	36818893	0
18	36903689	36901945	0
18	37229660	37231373	0
18	37247271	37245003	0
18	37253939	37243046	0
18	37253939	37244613	0
18	37253939	37244967	0
18	37253939	37244979	0
18	37253939	37247185	0
18	37253982	37244833	0
18	37259265	37253766	0
18	37259265	37253810	0
18	37259265	37253854	0
18	37264755	37253766	0
18	37264755	37253837	0
18	37264755	37259043	0
18	37264758	37253766	0
18	37264758	37259120	0
18	37264758	37259179	0
18	37264758	37259180	0
18	37266599	37253766	0
18	37266599	37264673	0
18	37270918	37264673	0
18	37270918	37266216	0
18	37270918	37266532	0
18	37270918	37266535	0
18	37270921	37266532	0
18	37273159	37270767	0
18	37273161	37270767	0
18	37273164	37270767	0
18	37273585	37273015	0
18	37274455	37270767	0
18	37274455	37273015	0
18	37274455	37273052	0
18	37274455	37273100	0
18	37274455	37273108	0
18	37274885	37270767	0
18	37274885	37273015	0
18	37274885	37274310	0
18	37274885	37274313	0
18	37275241	37273015	0
18	37275241	37274804	0
18	37275244	37274804	0
18	37275244	37274864	0
18	3729376	3567489	0
18	3729376	3581874	0
18	3729376	3656083	0
18	3729376	3679843	0
18	3729376	3708341	0
18	3729376	3708463	0
18	3729376	3721511	0
18	3729379	3727708	0
18	37321882	37274804	0
18	37321882	37275114	0
18	37485577	37321832	0
18	37485608	37275114	0
18	37485608	37321802	0
18	37485608	37321829	0
18	37485608	37321832	0
18	37565609	37528966	0
18	37565642	37485524	0
18	37565652	37485524	0
18	37565749	37485524	0
18	37565766	37485524	0
18	37565828	37485524	0
18	37566038	37485524	0
18	3771431	3770016	0
18	3814064	3742334	0
18	3814274	3742334	0
18	3814274	3774204	0
18	38659327	38655208	0
18	38660776	38655218	0
18	38660816	38659248	0
18	38671133	38659248	0
18	39214270	39207626	0
18	39327952	39214127	0
18	39340639	39327765	0
18	39535616	39206923	0
18	39751361	39535457	0
18	3986217	3983107	0
18	39862250	39841173	0
18	39870969	39876387	0
18	39875942	39876387	0
18	39921830	39876303	0
18	4005202	3879111	0
18	4005202	3986119	0
18	4005260	3986416	0
18	40144505	40143925	0
18	41481069	41465782	0
18	41481958	41480270	0
18	41482578	41481881	0
18	41501277	41482444	0
18	41501277	41482475	0
18	4151288	4005024	0
18	4151288	4005115	0
18	4151291	4005115	0
18	41516556	41501003	0
18	41516556	41501119	0
18	41516556	41501235	0
18	41516556	41513687	0
18	41520595	41516419	0
18	41520597	41516141	0
18	41520598	41516419	0
18	41520678	41516419	0
18	41521497	41516419	0
18	41525527	41521197	0
18	41525527	41521337	0
18	41594469	41516419	0
18	41594469	41521376	0
18	42025940	42027442	7
18	42049606	42049867	15
18	424417	423743	0
18	42903844	42844614	0
18	42920761	42743226	0
18	42923764	42743226	0
18	42923764	42743468	0
18	42923764	42903778	0
18	42923764	42920696	0
18	42949049	42923571	0
18	42974096	42923364	0
18	42974148	42923571	0
18	43271833	43267877	0
18	43271833	43270008	0
18	43271833	43270180	0
18	43271833	43270499	0
18	43272152	43270551	0
18	43273624	43271711	0
18	43273813	43271731	0
18	43274341	43271711	0
18	43274395	43271711	0
18	43274395	43273579	0
18	43277377	43274297	0
18	43277491	43271711	0
18	43277491	43273579	0
18	43277491	43274032	0
18	43277500	43271711	0
18	43277536	43269666	0
18	43277651	43273579	0
18	44325429	44323435	0
18	44326483	44325151	0
18	44373484	44326445	0
18	44518369	44326246	0
18	44531656	44518224	0
18	44531698	44518224	0
18	4455023	4430576	0
18	4455267	4151179	0
18	4455336	4151179	0
18	44679718	44676926	0
18	45150267	45130564	0
18	45150267	45149916	0
18	45168819	45167720	0
18	45169140	45168599	0
18	45169522	45168608	0
18	45179979	45150139	0
18	45435298	45423763	0
18	45435326	45424109	0
18	45440473	45438173	0
18	45447341	45436642	0
18	45447624	45438185	0
18	45494220	45491580	0
18	45692441	45669366	0
18	45737595	45692394	0
18	45737595	45731327	2
18	45741128	45737465	0
18	45747216	45737465	3
18	45855688	45847608	61
18	45858069	45855352	48
18	45858069	45855572	63
18	45858652	45857852	52
18	45858783	45857725	47
18	45858783	45857821	48
18	45858783	45857852	48
18	45887908	45884616	4
18	45889941	45887750	3
18	45890192	45887850	2
18	45908082	45903972	3
18	45908082	45907163	1
18	45910743	45907864	9
18	45910743	45907957	12
18	45916207	45915510	5
18	45916455	45916008	13
18	45916583	45916008	13
18	45916806	45916037	11
18	45988760	45983535	0
18	45990757	45988701	0
18	45991984	45990721	0
18	45992203	45991901	0
18	45992203	45991935	0
18	45993704	45991901	0
18	45998840	45984232	0
18	45999535	45998793	0
18	46005532	45999435	0
18	46005532	45999458	0
18	46011288	46005468	0
18	46015938	46010759	0
18	46015938	46011180	0
18	46016226	46011180	0
18	46040048	46024608	0
18	46084655	46080247	2
18	46084655	46084143	24
18	46084655	46084149	24
18	46086258	46084426	14
18	46086258	46084503	13
18	46086495	46086112	14
18	46086495	46086126	12
18	46086585	46086112	14
18	46087065	46086386	30
18	46087233	46086386	31
18	46087493	46087007	33
18	46088258	46087340	14
18	46088258	46087426	18
18	46089733	46088108	12
18	46089733	46088135	18
18	46089900	46089565	82
18	46089997	46089428	54
18	46089997	46089565	54
18	46089997	46089598	54
18	46089997	46089631	60
18	46091852	46087007	36
18	46091852	46089565	4
18	46091852	46089758	6
18	46091852	46089821	5
18	46091852	46089822	5
18	46091852	46089888	6
18	46091852	46089958	6
18	46092199	46089822	19
18	46093363	46091681	21
18	46093366	46091681	21
18	46095124	46091681	26
18	46095132	46089822	32
18	46095132	46091681	24
18	46095132	46091764	28
18	46095132	46093179	17
18	46095148	46091681	24
18	46098280	46095052	12
18	46098286	46095052	12
18	46098296	46091681	12
18	46098296	46093179	16
18	46098296	46094699	19
18	46098296	46094979	11
18	46098296	46095052	10
18	46098297	46091681	7
18	46098297	46093179	16
18	46098297	46094979	11
18	46098297	46095052	12
18	46098316	46095052	10
18	46098354	46095052	13
18	46099353	46095052	14
18	46104234	46095052	0
18	46104254	46095052	0
18	46104274	46095052	0
18	46104335	46095052	0
18	46334113	46334229	0
18	46334336	46335887	0
18	46410646	46409196	0
18	46477953	46476971	0
18	46477953	46476973	0
18	46483746	46477253	0
18	46483746	46477259	0
18	46483746	46477272	0
18	46483746	46477449	0
18	46483746	46477639	0
18	46483746	46477653	0
18	46506024	46488971	0
18	46507713	46505837	0
18	46507713	46505891	0
18	46509816	46507537	0
18	46518257	46509566	0
18	46518257	46509697	0
18	46518257	46509811	0
18	46529332	46524707	0
18	46533325	46529176	0
18	46533325	46529299	0
18	46547059	46545316	0
18	46555372	46546894	0
18	46556770	46546894	0
18	46557490	46546894	0
18	46557490	46547006	0
18	46682065	46667820	0
18	46682065	46679117	0
18	46682065	46679242	0
18	46682065	46679882	0
18	46682065	46680367	0
18	46686287	46681971	0
18	46688868	46686173	0
18	46688918	46685868	0
18	46688920	46686173	0
18	46688982	46686173	0
18	46692256	46686173	0
18	46692256	46688774	0
18	46692256	46688883	0
18	46704665	46691449	0
18	46704665	46692168	0
18	46730362	46721361	0
18	46731764	46730205	0
18	46731844	46730205	0
18	46756810	46721361	0
18	46756811	46692168	0
18	46756811	46721361	0
18	46757170	46704571	0
18	46759143	46704571	0
18	46759258	46731680	0
18	46815350	46803223	2
18	46815350	46812279	7
18	46821073	46815311	8
18	46821073	46815710	10
18	46821073	46818190	9
18	46828131	46820932	5
18	46829868	46826763	3
18	46829868	46827757	5
18	46829868	46827958	6
18	46836518	46829733	3
18	46844128	46836242	1
18	46844128	46836356	2
18	46844840	46844053	0
18	46844972	46843850	0
18	46846842	46844733	0
18	46853518	46852631	0
18	46855436	46846463	0
18	46855436	46846706	1
18	46891055	46855564	2
18	46891055	46864163	0
18	46893532	46891031	0
18	46903634	46890579	3
18	46903634	46890685	3
18	46903634	46890893	1
18	46906231	46903526	0
18	46906316	46903526	0
18	46906316	46904101	0
18	46908000	46907497	0
18	46917080	46890808	0
18	46917346	46890579	0
18	46917351	46905759	0
18	46917421	46903526	0
18	46917455	46890579	0
18	46917475	46890579	0
18	46917504	46890579	0
18	46917506	46864163	0
18	46918042	46906226	0
18	46920144	46903526	0
18	46920149	46906226	0
18	46920161	46890579	0
18	47033993	47033002	0
18	47035265	47033165	0
18	47091281	47077360	0
18	47113041	47107402	1
18	47113041	47107407	1
18	47113041	47108187	0
18	47113041	47108377	0
18	47115349	47112976	0
18	47130329	47115130	0
18	47130329	47115131	0
18	47130329	47115278	0
18	47134678	47130243	0
18	47134678	47130245	0
18	47134705	47115315	0
18	47134705	47130241	0
18	47134705	47130242	0
18	47134705	47130243	0
18	47136450	47130243	0
18	47136450	47134418	0
18	47136450	47134495	0
18	47136450	47134655	0
18	47137297	47134495	0
18	47137297	47134655	0
18	47137297	47136301	0
18	47137297	47136338	0
18	47137339	47136338	0
18	47149109	47136338	1
18	47150196	47136301	1
18	47150202	47136338	1
18	47150460	47137234	0
18	47150477	47115131	0
18	47150477	47137234	0
18	47150494	47137234	0
18	47150499	47136338	0
18	47150499	47137234	0
18	47150501	47136301	0
18	47150521	47136338	0
18	47154888	47136338	0
18	47156233	47154798	7
18	47157538	47152833	4
18	47157538	47156117	7
18	47176281	47136301	1
18	47176282	47157435	6
18	47176346	47136338	2
18	47176363	47156881	2
18	47176375	47157435	2
18	47212152	47206321	0
18	47220011	47212085	0
18	47220011	47212088	0
18	47244983	47230934	0
18	47244983	47231122	0
18	47845485	47808956	5
18	47845485	47831550	5
18	47845485	47833095	6
18	47845485	47841224	20
18	47845801	47844911	21
18	47845801	47845339	21
18	47865134	47851273	6
18	47868458	47865058	4
18	47869437	47868262	4
18	47869437	47868322	4
18	47869437	47868325	4
18	47869437	47868326	4
18	47870565	47869242	1
18	47870565	47869351	1
18	47870565	47869421	0
18	47886924	47870474	1
18	47895726	47870474	1
18	47896810	47869242	2
18	47896810	47870472	1
18	47896810	47870474	1
18	47896812	47869242	2
18	47920170	47896520	0
18	47930363	47896520	0
18	47930447	47896520	3
18	47930560	47896520	0
18	47930843	47896520	1
18	47931142	47896520	0
18	47931147	47896520	1
18	48041124	48026672	0
18	48072611	48041032	0
18	480758	357399	0
18	48077004	48041032	0
18	48077004	48041062	0
18	48087799	48040907	0
18	48087799	48041032	0
18	48087799	48041062	0
18	48137362	48039899	0
18	48150865	48147633	0
18	48162398	48039899	0
18	48162398	48041032	0
18	48162398	48041051	0
18	48162398	48041062	0
18	48165254	48041032	0
18	48165254	48041062	0
18	48165254	48076935	0
18	48165258	48041032	0
18	48165258	48041051	0
18	48165258	48041062	0
18	48165258	48076935	0
18	48165332	48087669	0
18	48165567	48039899	0
18	48180478	48041032	0
18	48185456	48041032	0
18	48185456	48041051	0
18	48185456	48041062	0
18	48185456	48076935	0
18	48185456	48162347	0
18	48185456	48165130	0
18	48185996	48039899	0
18	48185996	48041032	0
18	48185996	48041051	0
18	48185996	48041062	0
18	48185996	48072459	0
18	48185996	48076935	0
18	48185996	48087669	0
18	48185996	48088255	0
18	48185996	48162347	0
18	48185996	48165126	0
18	48185996	48165130	0
18	48338392	48185933	0
18	48338399	48185933	0
18	48338399	48252160	0
18	48408656	48185933	0
18	48409293	48185933	0
18	48683153	48673574	1
18	48834771	48826050	0
18	48860430	48861216	12
18	48861293	48862027	6
18	48862626	48862878	2
18	48883	47927	3
18	48930183	48921410	155
18	48933723	48921640	125
18	48942553	48921371	88
18	48942556	48919852	66
18	48942556	48920992	85
18	48942556	48921500	79
18	48942556	48921533	80
18	48942808	48920026	94
18	48963942	48962950	0
18	49051	47389	3
18	49093312	49043803	0
18	49097494	49093216	0
18	49097516	49041473	0
18	49097516	49043668	0
18	49114616	49097184	0
18	49118927	49097401	0
18	49163788	49118743	0
18	49209716	49163710	0
18	49257105	49163684	0
18	49282176	49272177	0
18	49286617	49281996	0
18	49286617	49282167	0
18	49329708	49286447	0
18	49332007	49286433	0
18	49332007	49286451	1
18	49332007	49286487	1
18	49332007	49286488	1
18	49332007	49286496	1
18	49332007	49321124	0
18	49363234	49333727	0
18	49368698	49363160	0
18	49368707	49363160	0
18	49368708	49363160	0
18	49368714	49363160	0
18	49375725	49363160	0
18	49378650	49375647	0
18	49378701	49363160	0
18	49378701	49363218	0
18	49379759	49378566	0
18	49379759	49378622	0
18	49379759	49378658	0
18	49391452	49379745	0
18	49391646	49286433	0
18	49391646	49379664	0
18	49391646	49390719	0
18	49391646	49391384	0
18	49393743	49391592	0
18	49393743	49391609	0
18	49411942	49391592	0
18	49418058	49391619	0
18	49418058	49393644	0
18	49430448	49391592	0
18	49430448	49393644	0
18	49430448	49417934	0
18	49430448	49417938	0
18	49447421	49431743	0
18	49460628	49430254	0
18	49460639	49430254	0
18	49460642	49430254	0
18	49460644	49430254	0
18	49460646	49430254	0
18	49460666	49430254	0
18	49460715	49430254	0
18	49460803	49430254	0
18	49461348	49430254	0
18	4947139	4775053	0
18	4947139	4807934	0
18	49483772	49477249	3
18	49483772	49481659	4
18	49483772	49481680	4
18	49483772	49482065	5
18	49483772	49482151	6
18	49483772	49482175	6
18	49486150	49484535	16
18	49486614	49483583	16
18	49487232	49483583	10
18	49487253	49483583	11
18	49488567	49483583	12
18	49489551	49483583	18
18	49489551	49488452	735
18	49489551	49488480	798
18	49489551	49488483	776
18	49489551	49488499	682
18	49489551	49488517	706
18	49489551	49488551	772
18	49489551	49488560	797
18	49490469	49489164	341
18	49490553	49489358	353
18	49490553	49489360	352
18	49490553	49489451	361
18	49490553	49489470	348
18	49490553	49489476	348
18	49490875	49489375	804
18	49490928	49490453	911
18	49490928	49490475	927
18	49490939	49490453	901
18	49490970	49490260	934
18	49491446	49490792	1428
18	49491446	49490840	1415
18	49491585	49490792	1396
18	49491585	49490964	1494
18	49491585	49491404	1458
18	49491587	49490792	1378
18	49491587	49491351	1378
18	49491587	49491404	1429
18	49491815	49491404	1196
18	49491834	49490792	1236
18	49491834	49491404	1207
18	49491834	49491531	901
18	49491841	49491404	1193
18	49492306	49491531	469
18	49492400	49491735	361
18	49492410	49491735	332
18	49492429	49491745	348
18	49492431	49491531	353
18	49492433	49491531	348
18	49492434	49491531	330
18	49492445	49491531	319
18	49492451	49490863	748
18	49492480	49491262	426
18	49492480	49491531	342
18	49492483	49491745	418
18	49492484	49491531	348
18	49492486	49491049	423
18	49492486	49491531	351
18	49492509	49491735	384
18	49492524	49491531	349
18	49742064	49739822	0
18	49785352	49782166	1
18	49785352	49783502	1
18	49785352	49783504	1
18	49786620	49783504	2
18	49794428	49792151	0
18	49795882	49794279	0
18	49795882	49794319	0
18	49797595	49795764	0
18	49797595	49795775	0
18	49797595	49795792	0
18	49797595	49795810	0
18	49826624	49802686	0
18	49835425	49822812	0
18	49835425	49826259	0
18	49835425	49826289	0
18	49835425	49826435	0
18	49841455	49839143	1
18	49849661	49847145	0
18	49849847	49847145	0
18	49853648	49849566	0
18	49863328	49853448	0
18	49863328	49856812	0
18	49864381	49863226	0
18	49864381	49863261	0
18	49872233	49864140	0
18	49877883	49875686	0
18	49879091	49877762	0
18	49879422	49877798	0
18	49880456	49878944	0
18	49880497	49879020	0
18	49953344	49937244	0
18	49970958	49969720	0
18	49974616	49962948	0
18	5003290	4946881	0
18	5004004	5003216	0
18	50040315	50036849	0
18	50055379	50040142	0
18	50055379	50040251	0
18	50097621	50055267	0
18	50195094	50055267	0
18	50238706	50227192	0
18	50261238	50251480	0
18	50271541	50267516	45
18	50271541	50268840	52
18	50271541	50268846	52
18	50271541	50269733	61
18	50271541	50269737	64
18	50272739	50266881	59
18	50272739	50266885	56
18	50272739	50268845	53
18	50272739	50268846	53
18	50272739	50269030	54
18	50272739	50269556	54
18	50272739	50269628	54
18	50272739	50271041	54
18	50272739	50271049	54
18	50272739	50271468	48
18	50272739	50271500	54
18	50272956	50268846	47
18	50272956	50272676	58
18	50273064	50272464	49
18	50273472	50272676	46
18	50273864	50272823	54
18	50273864	50273333	52
18	50274351	50273563	34
18	50274354	50273563	34
18	50275046	50273563	31
18	50275156	50274976	47
18	50275246	50273563	51
18	50275246	50273607	50
18	50275246	50274185	43
18	50275246	50274976	52
18	50275445	50275128	59
18	50275729	50275128	57
18	50275729	50275156	51
18	50275729	50275369	48
18	50275965	50275128	52
18	50275982	50275599	49
18	50275982	50275650	49
18	50276150	50275599	47
18	50276419	50275599	45
18	50276739	50276377	43
18	50276745	50276377	42
18	50276998	50276661	33
18	50276999	50276377	38
18	50276999	50276661	32
18	50276999	50276713	30
18	50277197	50276831	15
18	50277205	50276661	16
18	50277205	50276831	15
18	50279993	50277089	14
18	50280011	50277089	14
18	50280018	50276831	18
18	50280018	50277089	13
18	50281308	50279882	4
18	50281442	50279875	7
18	50281460	50279882	6
18	50281467	50279882	6
18	50281476	50279745	7
18	50281477	50279882	7
18	50281501	50279882	7
18	50281522	50279882	8
18	50281672	50279882	6
18	50281685	50279882	6
18	50281768	50279882	4
18	50281770	50279882	4
18	50281775	50279882	4
18	50283007	50282342	242
18	50283007	50282346	243
18	50283007	50282348	236
18	50283007	50282579	293
18	50283325	50282853	321
18	50283362	50282853	323
18	50283362	50282906	323
18	50283428	50282853	298
18	50283449	50282532	328
18	50283565	50282853	215
18	50283565	50283264	199
18	50283792	50283264	228
18	50283800	50283105	254
18	50283816	50283514	237
18	50284024	50283079	310
18	50284102	50283704	334
18	50284563	50283652	250
18	50284563	50283893	247
18	50284840	50284377	63
18	50284840	50284384	63
18	50284840	50284388	63
18	50284840	50284428	55
18	50285248	50284377	165
18	50285248	50284719	151
18	50285248	50284731	146
18	50285352	50285001	276
18	50285352	50285220	287
18	50285446	50284731	220
18	50285929	50285001	156
18	50285929	50285128	206
18	50285929	50285324	179
18	50286258	50285001	158
18	50286258	50285324	172
18	50286258	50285748	172
18	50286331	50285748	151
18	50286640	50285748	154
18	50286640	50285803	153
18	50286640	50286021	168
18	50286640	50286180	140
18	50287685	50285748	72
18	50550	49814	1
18	50800144	50795119	0
18	50800144	50795120	0
18	50800144	50798203	0
18	50800144	50798376	0
18	50800144	50798461	0
18	50800144	50799137	0
18	50800144	50799149	0
18	50800144	50799290	0
18	50801505	50800035	0
18	50801505	50800046	0
18	50805337	50800035	0
18	50805337	50800046	0
18	50816163	50809301	0
18	50819627	50805153	0
18	50819703	50806703	0
18	50819703	50809301	0
18	50819837	50809301	0
18	50820014	50809301	0
18	50825381	50809301	0
18	50825385	50819580	0
18	50825403	50819580	0
18	50916244	50917346	3
18	50939641	50940287	4
18	51052726	51054780	9
18	51159384	51158281	0
18	51196778	51174551	0
18	51197321	51174549	2
18	51197321	51196566	13
18	51218305	51176820	0
18	51421675	51421062	0
18	514756	508567	0
18	5197226	5145368	0
18	5197504	5145284	0
18	52339026	52336360	0
18	5235901	5232875	0
18	5238527	5232875	0
18	5238527	5235838	1
18	5240278	5240647	5
18	5241256	5241698	3
18	5293328	5289018	32
18	5293328	5289019	32
18	5293328	5290857	32
18	5293328	5291544	7
18	5293328	5291711	3
18	5293328	5291900	2
18	5293648	5292077	34
18	53416157	53416270	0
18	53505321	53480834	0
18	53533393	53505222	0
18	53535444	53533349	7
18	53568284	53505222	0
18	53580514	53535296	0
18	53581060	53579622	0
18	5385331	5381640	0
18	5394794	5392380	2
18	5394794	5392383	2
18	5394794	5392385	2
18	5394794	5392432	2
18	5394794	5392444	3
18	5394794	5393092	4
18	5394794	5393102	4
18	5395148	5392380	1
18	5395148	5394676	3
18	5395708	5392385	4
18	5395708	5394782	0
18	5395708	5395066	3
18	5396333	5395608	1
18	5397427	5396200	4
18	5398144	5397057	2
18	5398144	5397392	1
18	5398144	5397394	1
18	5398144	5397397	1
18	5399386	5398020	2
18	5399567	5397057	0
18	5400596	5398020	0
18	5401044	5397057	1
18	5401044	5398020	1
18	5401044	5398650	0
18	5406969	5397057	1
18	5406969	5397157	1
18	5406969	5398020	1
18	5406969	5398112	0
18	5406969	5400496	0
18	5406969	5400868	0
18	5406969	5400968	0
18	5406969	5400996	0
18	5407329	5397247	0
18	5407737	5406776	0
18	5410620	5400968	0
18	5410620	5406764	0
18	5410620	5406776	0
18	5410620	5406847	0
18	54159904	54151600	11
18	54159904	54155253	34
18	54160114	54159764	9
18	54164701	54159757	8
18	54164701	54159764	7
18	5419801	5406776	0
18	5419802	5410565	0
18	5419814	5410565	0
18	5419816	5410565	0
18	5419839	5410565	0
18	5419878	5415817	1
18	5419932	5410565	0
18	5420207	5419710	0
18	54205022	54188873	2
18	54205158	54188873	2
18	54205158	54202679	2
18	54205158	54202680	2
18	54224618	54204997	2
18	54224648	54204997	2
18	54224789	54204997	0
18	5423408	5419710	0
18	5423554	5419710	0
18	5423554	5419798	0
18	54269662	54271359	3
18	54270033	54271359	2
18	54283816	54283921	3
18	54329441	54324357	0
18	54329441	54324691	0
18	5433557	5428312	0
18	5433557	5429247	0
18	5433557	5431211	0
18	54354104	54337124	0
18	54354574	54354053	0
18	54354578	54353926	0
18	54354578	54354053	0
18	54354578	54354054	0
18	54378327	54380883	0
18	54380929	54381675	3
18	5445245	5428312	0
18	5445245	5433902	0
18	5445245	5443837	0
18	5466364	5445139	0
18	5478439	5445139	0
18	5480124	5478240	0
18	54888160	54885865	0
18	5488940	5480069	0
18	5489048	5478240	0
18	54891431	54888063	4
18	5489162	5478240	0
18	5489162	5478353	0
18	5489195	5478240	0
18	5489195	5478246	0
18	5489195	5478271	0
18	5489195	5478282	0
18	5489195	5478349	0
18	5489195	5478382	0
18	5489195	5478398	0
18	5489251	5478240	0
18	54893057	54893147	0
18	54898084	54891144	1
18	54904416	54903319	0
18	54907863	54901508	0
18	54907863	54901510	0
18	54907863	54904080	0
18	54907863	54904322	0
18	54928883	54919270	0
18	54934949	54928799	0
18	54934949	54928875	0
18	54938098	54936832	0
18	54941084	54937601	0
18	54941084	54937956	0
18	54958049	54945387	0
18	54959462	54945387	0
18	54959509	54945387	0
18	55117084	55105903	0
18	55117084	55108310	0
18	55228362	55222330	1
18	55228362	55222333	1
18	55228362	55222334	1
18	55228362	55226643	5
18	55228362	55226645	5
18	55228362	55226783	5
18	55228362	55226792	5
18	55228362	55227678	4
18	55228362	55227682	4
18	55228362	55227688	5
18	55228362	55227689	5
18	55228362	55227751	5
18	55228362	55227840	2
18	55228362	55227845	2
18	55228362	55227848	2
18	55228362	55227854	2
18	55228362	55227863	2
18	55228362	55227877	2
18	55228362	55227910	2
18	55228362	55227935	2
18	55228362	55227983	4
18	55228956	55227848	4
18	55229077	55228220	2
18	55229077	55228224	2
18	55229077	55228259	2
18	55232672	55228220	1
18	55234684	55228846	2
18	55234684	55232508	1
18	55234684	55232520	1
18	55234684	55234416	0
18	55254701	55234547	0
18	55254701	55234605	0
18	55257389	55254496	0
18	55257392	55254496	0
18	55257392	55254503	0
18	55257392	55254608	0
18	55257496	55254496	0
18	55260028	55254496	0
18	55260028	55257314	1
18	55260028	55257361	1
18	55261534	55257314	1
18	55261534	55259620	0
18	55261534	55259948	0
18	55261534	55259953	0
18	55261534	55259994	0
18	55261534	55260005	0
18	55269850	55261089	0
18	55269964	55261465	0
18	55269964	55261527	0
18	55275672	55269830	0
18	55275753	55264595	0
18	55275753	55269830	0
18	55275753	55269850	0
18	55275753	55269857	0
18	55275753	55269871	0
18	55275753	55269874	0
18	55275753	55269897	0
18	55275753	55269913	0
18	55275753	55269923	0
18	55275753	55269957	0
18	55275753	55269959	0
18	55279657	55269830	0
18	55279657	55275618	1
18	55279657	55275626	1
18	55279657	55275631	1
18	55279657	55275659	1
18	55279657	55275661	1
18	55279657	55275696	1
18	55279657	55275706	1
18	55279657	55275723	1
18	55279657	55275744	0
18	55279675	55275618	1
18	55284409	55279550	0
18	55302627	55279550	0
18	55320882	55279565	0
18	55321641	55279550	0
18	55321811	55279550	0
18	55321836	55279550	0
18	55321987	55279550	0
18	55322223	55279550	0
18	55322346	55279550	0
18	55350409	55261465	0
18	55350409	55275618	0
18	55350409	55279550	0
18	55350409	55279593	0
18	55350409	55332066	0
18	55351001	55350358	0
18	55351001	55350394	0
18	55351004	55350358	0
18	55351004	55350359	0
18	55351004	55350375	0
18	55351317	55350873	0
18	55352024	55350873	0
18	55384197	55350873	0
18	5539699	5424261	0
18	55400918	55350873	0
18	55401094	55350873	0
18	55401526	55350873	0
18	55401552	55350873	0
18	55401713	55350873	0
18	55401758	55350873	0
18	55401778	55350873	0
18	55402040	55350873	0
18	55402207	55350873	0
18	55402241	55350873	0
18	55403506	55350873	0
18	55403519	55279550	0
18	55403519	55350358	0
18	55403519	55350873	0
18	55403519	55350895	0
18	55403519	55350901	0
18	55403519	55350943	0
18	55403519	55350954	0
18	55403519	55350966	0
18	55403519	55350993	0
18	55403519	55401688	0
18	55403661	55350873	0
18	55403715	55403453	0
18	55403765	55403453	0
18	55403996	55403453	0
18	55404088	55350873	0
18	55404436	55403511	0
18	55422242	55403453	0
18	55422269	55350873	0
18	55422298	55403453	0
18	55422356	55403453	0
18	55422357	55403453	0
18	55422493	55403453	0
18	55422513	55403453	0
18	55423622	55403453	0
18	55461116	55403453	0
18	55464138	55461018	0
18	55464138	55461033	0
18	55464138	55461096	0
18	55464138	55461100	0
18	55469662	55464075	0
18	55482257	55464075	0
18	55510773	55464075	0
18	55519025	55464075	0
18	55546897	55464075	0
18	55546935	55464075	0
18	55553422	55464075	0
18	55585353	55464075	0
18	55585353	55464114	0
18	55585353	55482149	0
18	55585353	55495627	0
18	55585353	55518981	0
18	55585353	55550260	0
18	55585482	55403453	0
18	55585774	55464075	0
18	55585853	55585279	0
18	55585857	55585279	0
18	55585863	55585279	0
18	55585909	55585279	0
18	55585967	55585279	0
18	55585969	55585279	0
18	55586105	55585279	0
18	55586106	55585279	0
18	55586243	55585279	0
18	55587117	55585279	0
18	55587137	55585279	0
18	55587137	55585316	0
18	55587205	55585279	0
18	55588214	55585279	0
18	55588536	55585279	0
18	55589778	55585279	0
18	55589807	55585279	0
18	55589837	55585279	0
18	55589847	55585279	0
18	55591280	55585279	0
18	55596227	55585279	0
18	55596227	55585291	0
18	55631389	55585279	0
18	55635893	55631297	0
18	55635949	55596105	0
18	55635958	55587044	0
18	55635973	55631297	0
18	55636028	55631297	0
18	55664788	55585279	0
18	5577649	5489000	0
18	55780751	55779110	0
18	55781722	55776726	0
18	55898204	55881687	0
18	56025396	56003612	0
18	56025396	56003616	0
18	56056007	56040331	0
18	56056041	56037040	0
18	56056055	56027796	0
18	56063079	56061108	0
18	56068371	56055904	0
18	56085390	56083355	0
18	56085390	56083361	0
18	56087761	56085204	0
18	56090304	56087638	0
18	56095991	56096074	0
18	56102830	56090184	0
18	56102830	56095920	0
18	56102830	56095989	0
18	56105614	56087236	0
18	56105614	56087638	0
18	56105614	56102690	0
18	56109825	56105105	0
18	56109825	56105526	0
18	56121447	56105526	0
18	5612429	5489000	0
18	56137484	56105526	0
18	56181475	56060103	0
18	5630664	5489000	0
18	5630701	5489000	0
18	56600866	56600102	1
18	56600987	56599067	1
18	56604479	56602897	106
18	56611098	56597207	60
18	56611098	56602821	112
18	56611098	56602823	112
18	56611098	56605181	117
18	56614492	56610992	68
18	56614597	56608278	64
18	56614597	56610992	82
18	56618127	56616244	106
18	56624462	56618003	13
18	56624462	56618040	13
18	56638428	56626360	2
18	56638506	56626360	2
18	56638646	56626360	3
18	56639040	56626360	0
18	56639040	56638358	0
18	56647536	56638342	0
18	56647536	56638703	0
18	56647536	56638961	0
18	56651046	56647062	0
18	56651129	56647448	0
18	56651275	56638342	0
18	56651277	56647448	0
18	56651594	56626360	0
18	56651601	56647448	0
18	56873971	56872667	0
18	57028221	57029824	0
18	57056530	57054590	0
18	57058001	57054557	0
18	57058751	57057887	0
18	57070004	57054590	0
18	57070004	57056630	0
18	57070004	57057499	0
18	57070004	57058677	0
18	57070004	57058886	0
18	57070004	57059202	0
18	57070004	57060352	0
18	57070004	57063554	0
18	57141719	57136321	0
18	57171195	57169614	0
18	57363612	57368565	0
18	57551375	57548282	2
18	57551375	57549509	5
18	57551375	57550253	5
18	57554425	57551174	3
18	57554425	57551314	2
18	57554953	57554258	0
18	57554953	57554259	0
18	57566582	57562873	0
18	57571541	57566446	1
18	57571541	57566556	1
18	57571541	57567844	0
18	57571604	57566446	0
18	57571604	57566547	0
18	57573366	57566446	2
18	57573366	57571391	2
18	57580200	57572989	4
18	57580200	57573004	1
18	57580200	57573245	4
18	57586700	57573245	0
18	57602487	57600655	317
18	57602487	57601349	171
18	57602944	57601342	175
18	57605971	57602811	218
18	57606752	57605856	94
18	57607191	57605933	149
18	57607334	57606615	174
18	57607484	57607133	193
18	57607666	57607133	161
18	57607666	57607201	240
18	57609444	57607155	88
18	57609444	57607443	102
18	57609444	57607653	98
18	57609444	57607655	102
18	57611708	57609356	77
18	57613681	57607443	66
18	57613681	57609356	35
18	57613681	57609377	37
18	57613681	57611636	42
18	57615731	57613601	19
18	57615731	57613623	19
18	57615731	57613670	10
18	57615976	57613601	12
18	57615976	57613652	8
18	57650498	57646425	1
18	57650498	57646442	1
18	57650498	57646492	1
18	57668541	57667091	5
18	57669483	57668428	3
18	57671581	57669317	2
18	57671581	57669422	1
18	57684193	57671467	0
18	57684193	57674833	0
18	57685116	57684035	0
18	57685116	57684117	0
18	57697689	57695449	0
18	57697868	57697617	0
18	57697868	57697669	0
18	57701101	57697794	0
18	57701314	57701038	0
18	57701314	57701088	0
18	57731830	57701214	0
18	57731830	57704554	4
18	57731830	57706489	0
18	57731833	57706489	0
18	57740966	57731774	1
18	57801989	57731626	0
18	57803068	57731626	0
18	57803102	57731626	0
18	57803302	57731626	0
18	57803316	57731626	0
18	57961625	57961230	0
18	57963519	57961230	0
18	57963520	57961230	0
18	58194084	58189833	1
18	58194084	58189896	1
18	58400083	58398662	26
18	58498098	58481246	0
18	58515082	58503930	0
18	58529239	58523934	0
18	58537120	58528751	18
18	58538225	58529090	26
18	58544676	58538139	30
18	58545219	58544605	6
18	58579025	58545013	2
18	58579213	58544227	2
18	58580549	58534833	3
18	58580974	58580259	0
18	58607440	58578813	0
18	58671878	58670008	1
18	58674120	58672737	3
18	58697268	58672612	15
18	58709557	58709975	14
18	58733575	58733881	99
18	58733575	58734306	66
18	58733575	58734450	66
18	58733981	58734306	64
18	58733981	58734450	68
18	58752731	58697176	53
18	58753899	58752178	84
18	58757843	58754858	3
18	58864987	58865303	26
18	5887723	5889079	0
18	5889174	5889272	0
18	5895481	5882071	0
18	59068952	59069290	0
18	59272615	59267034	0
18	59273386	59267034	0
18	59273394	59272360	0
18	59274087	59272984	0
18	59312773	59275155	0
18	59312773	59295401	0
18	59331540	59327822	105
18	59331640	59330775	23
18	59333245	59331417	13
18	59333692	59331462	13
18	59346052	59338759	4
18	59347572	59345918	1
18	59347572	59345970	1
18	59353302	59349112	7
18	59354581	59352680	3
18	59354581	59353201	1
18	59438147	59430938	5
18	59438147	59430939	5
18	59438147	59435144	5
18	59438147	59435923	11
18	59448104	59439676	7
18	59454952	59447982	0
18	59454952	59448045	0
18	59455213	59447982	1
18	59466892	59439676	1
18	59466892	59454850	0
18	5960157	5954705	0
18	59666163	59480185	0
18	5969563	5960093	0
18	59696710	59480185	0
18	59697221	59696628	0
18	59697424	59696628	0
18	59697470	59696628	0
18	59697663	59697211	0
18	60010661	60010930	0
18	6046755	5969392	0
18	60496337	60495867	0
18	60630835	60630166	0
18	60650826	60630627	0
18	60730939	60650749	0
18	60804381	60771935	0
18	6080952	5969392	0
18	6080952	6029386	0
18	6093529	6080880	0
18	61573338	61571347	0
18	61573951	61571341	0
18	61592624	61585745	0
18	61599279	61592493	0
18	61606658	61604935	1
18	61606917	61606067	1
18	61628073	61611636	0
18	61693274	61592374	0
18	61890517	61888124	0
18	61892918	61816121	0
18	61892918	61875004	0
18	61893760	61808062	0
18	62017742	61905254	0
18	62056845	62045368	2
18	62056845	62045382	1
18	62056845	62045434	4
18	62070507	62044256	1
18	62070507	62044633	2
18	62070507	62044635	2
18	62072366	62045341	0
18	62072726	62017628	0
18	62072726	62041163	0
18	62072726	62042470	0
18	62072726	62042851	0
18	62072726	62044232	0
18	62072726	62044233	0
18	62072726	62044235	0
18	62072726	62044239	0
18	62072726	62044241	0
18	62072726	62044300	0
18	62072726	62044310	0
18	62072726	62044323	0
18	62072726	62044349	0
18	62072726	62044548	0
18	62072726	62044633	0
18	62072726	62044722	0
18	62072726	62045186	0
18	62072726	62045512	0
18	62072726	62045680	0
18	62072726	62051787	2
18	62072726	62052548	0
18	62072726	62056721	0
18	62072726	62058815	0
18	62072726	62059047	0
18	62072726	62069391	0
18	62072726	62070389	0
18	62072726	62072320	0
18	62074822	62072672	0
18	62075182	62072369	0
18	62075901	62072672	0
18	62076028	62072672	0
18	62084607	62072672	0
18	62102822	62101074	0
18	62102903	62101074	0
18	62103600	62102793	0
18	62103800	62102810	0
18	62105635	62102793	0
18	62105635	62103588	0
18	62105635	62103718	0
18	62106882	62105039	0
18	62106882	62105542	0
18	62113317	62109833	0
18	62114627	62113133	0
18	62114640	62109833	0
18	62114640	62112564	0
18	62114640	62112810	0
18	62114640	62112812	0
18	62114640	62113133	0
18	62123545	62118546	0
18	62138299	62106985	0
18	62138299	62114560	0
18	62138299	62123506	0
18	62138299	62135652	0
18	62138299	62136732	1
18	62139076	62135740	0
18	62139076	62138242	1
18	62146026	62143305	2
18	62147102	62145908	1
18	62147102	62145980	1
18	62147102	62145992	1
18	62148254	62146970	0
18	62148339	62146970	0
18	62148339	62146995	0
18	62154557	62148213	0
18	62154624	62148213	1
18	62154652	62146970	0
18	62154652	62148213	0
18	62157228	62148213	1
18	62157228	62153444	0
18	62157228	62153568	0
18	62157228	62154544	2
18	62157228	62154565	2
18	62157809	62157128	0
18	62157809	62157155	0
18	62158006	62157686	1
18	62158009	62157128	0
18	62161227	62157686	1
18	62161338	62154544	1
18	62161386	62157686	0
18	62161386	62157779	0
18	62162291	62161132	0
18	62162330	62161132	0
18	62162330	62161351	1
18	62163657	62157686	0
18	62163657	62161132	0
18	62163657	62162252	0
18	62163657	62162262	0
18	62184672	62161132	0
18	62186976	62162252	0
18	62186990	62161132	0
18	62186999	62161132	0
18	62187016	62161132	0
18	62187016	62162252	0
18	62187018	62161132	0
18	62187020	62161132	0
18	62187025	62161132	0
18	62187029	62161132	0
18	62187029	62162252	0
18	62187039	62161132	0
18	62187039	62162252	0
18	62187047	62161132	0
18	62187050	62161132	0
18	62187050	62162252	0
18	62187057	62161132	0
18	62187078	62161132	0
18	62300999	62300035	15
18	62374148	62372893	0
18	6239873	6237963	0
18	6241450	6239717	0
18	6241450	6239798	0
18	6243430	6241357	0
18	6244589	6243293	0
18	6244589	6243385	0
18	62574645	62575312	11
18	6264039	6244483	0
18	6264039	6244566	0
18	6311657	6301902	0
18	6312057	6311553	0
18	6312057	6311599	0
18	63161870	63128211	0
18	63318953	63127034	0
18	63319787	63318081	2
18	63320129	63123345	0
18	63335359	63327725	41
18	63335359	63330824	30
18	63335359	63330841	32
18	63335359	63330843	32
18	63335359	63331642	75
18	63335359	63331650	78
18	63336024	63331403	59
18	63338884	63331382	41
18	63344494	63338799	23
18	63346531	63338799	11
18	63346617	63344409	15
18	63351078	63344341	6
18	63351080	63344409	7
18	63355300	63344409	10
18	63355300	63350887	9
18	63355300	63351014	10
18	63355515	63355203	3
18	63355564	63355203	3
18	63355564	63355218	3
18	63359793	63355315	3
18	63359793	63355497	3
18	63362869	63359524	0
18	63362869	63359735	1
18	63366309	63362778	3
18	63366309	63362842	4
18	63366675	63362778	4
18	63367129	63362778	5
18	63367201	63362778	5
18	63367204	63362778	5
18	63367205	63362778	5
18	63367207	63362778	5
18	63367511	63362778	6
18	63393550	63389189	38
18	63393567	63390862	41
18	63397125	63393408	35
18	63397254	63393408	34
18	63397254	63393443	35
18	63399324	63396341	22
18	63399324	63396589	31
18	63399324	63397033	24
18	63400197	63397033	21
18	63400197	63399241	14
18	63400197	63399254	13
18	63407500	63403706	8
18	63410447	63403706	7
18	63410447	63407375	10
18	63410447	63407431	8
18	63422391	63411466	2
18	63422464	63411466	2
18	63422484	63411466	2
18	63639278	63637717	0
18	63639341	63637258	0
18	63639777	63639184	0
18	63639777	63639188	0
18	63643218	63640873	0
18	63643218	63641759	0
18	63643583	63643160	0
18	63643604	63642896	0
18	63643604	63643160	0
18	63656987	63655196	0
18	63657413	63655197	0
18	6367677	6356708	0
18	6367684	6311997	0
18	63968274	63966405	0
18	63970182	63967986	0
18	6399851	6311997	0
18	64097993	64080008	0
18	64098038	64080301	0
18	6414799	6311997	0
18	64148875	64139452	0
18	64149031	64098576	0
18	6414912	6311997	0
18	6415238	6311997	0
18	64158989	64159095	0
18	64192823	64181313	0
18	64258520	64192523	0
18	64258520	64213081	0
18	6463016	6462151	104
18	65125711	65105872	0
18	657260	653984	1
18	658270	641319	0
18	658341	649619	0
18	65920943	65917781	0
18	66509219	66504811	0
18	66509247	66501082	0
18	66529967	66505044	0
18	66535108	66529844	0
18	66535108	66532338	0
18	66572172	66568415	0
18	66572317	66568415	0
18	66596304	66572009	0
18	66604089	66572009	0
18	66604135	66572009	0
18	66604139	66572009	0
18	670868	671379	34
18	671452	672859	31
18	6729863	6728820	0
18	674407	670323	24
18	67506880	67511032	26
18	67506896	67511049	26
18	67516981	67506581	18
18	675403	670323	47
18	675403	673858	2
18	675403	673899	2
18	675403	673913	2
18	675403	674000	2
18	675403	674038	3
18	675403	674039	4
18	675403	674160	5
18	675403	674180	5
18	675403	674370	4
18	675561	674027	5
18	67672613	67672220	0
18	67791036	67788267	0
18	67814823	67808504	0
18	678738	677742	4
18	68260375	68258338	0
18	683381	675320	3
18	683381	677742	1
18	683381	678308	5
18	683381	678695	2
18	685973	683245	2
18	686009	682968	3
18	686009	683245	2
18	686009	683330	2
18	686160	683245	3
18	686448	683216	3
18	68679532	68673687	11
18	68679532	68676838	10
18	68679532	68677027	10
18	68679578	68676709	8
18	68682982	68680980	5
18	68684244	68682924	3
18	68691354	68688416	4
18	68691362	68687666	6
18	68691362	68689686	6
18	68697304	68691013	6
18	68697304	68691294	2
18	68698032	68696935	14
18	68698032	68697225	14
18	68700424	68697375	11
18	68700486	68697930	12
18	68700486	68697931	12
18	68701791	68697931	12
18	68710145	68697931	4
18	68710145	68700404	4
18	68710145	68701744	4
18	68710145	68706279	1
18	68711404	68700404	8
18	68711404	68701744	4
18	6875025	6873398	0
18	68754584	68753178	0
18	688011	685920	7
18	688609	685920	1
18	68897429	68897577	4
18	68902256	68899780	0
18	68902256	68899784	0
18	690632	687672	0
18	690632	688573	0
18	690746	688573	0
18	690801	688573	0
18	691107	690548	6
18	691107	690566	6
18	691277	688573	3
18	69245308	69240447	0
18	6925326	6919495	0
18	6926226	6925476	0
18	6926559	6925264	0
18	6926559	6925476	0
18	6926559	6926071	0
18	6926991	6926439	0
18	6927585	6926439	0
18	6928220	6925477	0
18	6928220	6926439	0
18	6928220	6926656	0
18	6928220	6927305	0
18	6928220	6927307	0
18	6928573	6928119	0
18	6928969	6928119	0
18	6928969	6928348	0
18	6929561	6928850	0
18	6929806	6928850	0
18	6929806	6929496	0
18	6929870	6928850	0
18	6929963	6928850	0
18	6929967	6929496	0
18	693278	688573	10
18	693909	688573	8
18	693909	690548	7
18	693909	691067	13
18	693909	691203	9
18	693909	692922	11
18	6943403	6941743	0
18	6943403	6941888	1
18	6943403	6941947	1
18	69532859	69483626	0
18	6954918	6955365	2
18	6955466	6950781	0
18	6956448	6950781	0
18	6956737	6956434	1
18	6956766	6955352	0
18	6956766	6956667	1
18	6958663	6953729	0
18	6958663	6956635	0
18	6958663	6956737	0
18	6964804	6961944	0
18	6964804	6963884	1
18	6965433	6964661	0
18	6965548	6964661	0
18	6965957	6964661	1
18	6966215	6965287	2
18	6966298	6965287	0
18	6966298	6965399	2
18	69721417	69704977	0
18	697356	694247	3
18	69832740	69831157	0
18	69842396	69832535	0
18	69867412	69853274	0
18	69867412	69862955	0
18	69867412	69864114	0
18	69867412	69864313	0
18	69873247	69867356	0
18	69895810	69842283	0
18	69896046	69873143	0
18	69944569	69895700	0
18	69946771	69944483	0
18	69947070	69895700	0
18	69947070	69896031	0
18	69947420	69946733	0
18	69947434	69946733	0
18	69947533	69946733	0
18	69947854	69946733	0
18	69956925	69895700	0
18	70005268	70003030	3
18	70005268	70003070	3
18	70005268	70003803	1
18	70005268	70003839	1
18	70005268	70003858	2
18	70005268	70003968	3
18	70006485	70003829	2
18	70006485	70005197	2
18	70007067	70003819	1
18	70009033	70005197	2
18	70017644	70006380	1
18	70017675	70005197	2
18	70017675	70006380	0
18	70017675	70006474	0
18	70019875	70017590	2
18	70020789	70017406	0
18	70020818	70006380	1
18	70020818	70017406	1
18	70020818	70019501	2
18	70020846	70017406	1
18	70021161	70017406	0
18	70024849	70017406	0
18	70060043	70057741	0
18	70061401	70060034	0
18	70065923	70059849	0
18	70065923	70061311	0
18	70073995	70059849	0
18	70073995	70065828	0
18	70073995	70065842	0
18	70075542	70073905	2
18	70086685	70074758	0
18	70086685	70075351	0
18	70092221	70087988	0
18	70092221	70091544	0
18	70092805	70092109	0
18	70092805	70092186	0
18	70109582	70092675	7
18	70109694	70092675	5
18	70109718	70092675	3
18	70114600	70109497	1
18	70139608	70135183	0
18	70139717	70135183	1
18	70139717	70138262	0
18	70139933	70135183	0
18	70167032	70166061	0
18	70168974	70166918	0
18	70169068	70166433	0
18	70169068	70166918	0
18	70176846	70166918	2
18	70193454	70190537	0
18	70196649	70193010	0
18	70196649	70193287	0
18	70196649	70194145	0
18	70337311	70335928	0
18	70383343	70380139	0
18	7038951	7037577	0
18	7040237	7038809	0
18	7040238	7038571	0
18	70642724	70630533	0
18	706579	694247	0
18	706579	697239	0
18	706579	697266	0
18	706790	697239	0
18	7080088	7050693	0
18	7080458	7079974	0
18	71001889	71000476	0
18	71223158	71216703	0
18	71237103	71224130	0
18	712518	706469	1
18	712524	706469	2
18	712594	706469	2
18	712608	706469	2
18	712611	706469	2
18	712612	706469	2
18	712616	706469	2
18	712625	706469	1
18	712631	706469	1
18	712649	694247	0
18	712651	706469	1
18	712663	706469	1
18	712677	706469	1
18	71523257	71519961	0
18	71523257	71520248	0
18	71734813	71732614	0
18	71782227	71736422	0
18	71782282	71779555	0
18	71787076	71782075	0
18	71937407	71890408	0
18	72538773	72536679	0
18	72538773	72538019	0
18	72538773	72538110	0
18	72538773	72538149	0
18	72540299	72536683	0
18	72544540	72543485	0
18	72552637	72544452	0
18	72625224	72620467	0
18	72638456	72552570	0
18	72638518	72538652	0
18	72638522	72620211	0
18	72749039	72747141	0
18	72749089	72742313	0
18	72749089	72747380	4
18	72756148	72750061	1
18	72783907	72756033	0
18	72794245	72783677	0
18	72859075	72794362	0
18	72859075	72834038	0
18	72864946	72783800	0
18	72864946	72858825	8
18	72864946	72858979	6
18	72867950	72865187	3
18	72868147	72867701	0
18	73153523	73151240	0
18	73155936	73153419	0
18	73159665	73154057	0
18	73159665	73155819	0
18	73161974	73159540	0
18	73170036	73161823	0
18	73200790	73158821	0
18	73200790	73161823	0
18	73200790	73172837	0
18	73255919	73200627	0
18	73255919	73200652	0
18	73255919	73250292	10
18	73264304	73255812	7
18	73264446	73255812	6
18	73264455	73255812	6
18	73264469	73255597	7
18	73264475	73255812	6
18	73264481	73255812	5
18	732966	721587	8
18	732966	721747	8
18	73546	49899	0
18	736962	732833	3
18	73712846	73711328	0
18	738415	739337	5
18	73915030	73914404	0
18	739812	736807	3
18	74034162	73914926	0
18	74076531	74073503	0
18	74082052	74073352	0
18	74082052	74073365	0
18	74082052	74073366	0
18	74082052	74073367	0
18	74082052	74073370	0
18	74082052	74073443	0
18	74082052	74073452	0
18	74082101	74073368	0
18	74123511	74081926	0
18	74124572	74122591	0
18	74124572	74123367	0
18	74129615	74125974	0
18	74130659	74129404	0
18	74130659	74129561	0
18	74130800	74124488	0
18	74135867	74130415	0
18	74135867	74130469	0
18	74135867	74130561	0
18	74155208	74155305	71
18	74158277	74158375	68
18	74240556	74211390	0
18	74255776	74250846	0
18	74255776	74253294	8
18	74255776	74253295	8
18	74255776	74253296	8
18	74255776	74253437	9
18	74255776	74253553	11
18	74260945	74253296	17
18	74263478	74253296	4
18	74442117	74434098	0
18	74442117	74435727	0
18	74499707	74499936	4
18	74501239	74501328	15
18	74508929	74509138	1
18	74516393	74518498	6
18	74518641	74518948	2
18	74562101	74561380	0
18	74577030	74578162	0
18	74583709	74584495	0
18	74597570	74593200	12
18	74597801	74593148	3
18	74597825	74591773	5
18	74598509	74593695	2
18	75070671	75070196	0
18	75125566	75112136	0
18	751805	747919	2
18	75205514	75199456	5
18	75208418	75201877	5
18	75208467	75201716	6
18	75209349	75195107	4
18	75418917	75409475	0
18	75418917	75416017	0
18	75427635	75409871	0
18	75427683	75418785	0
18	75427704	75418785	0
18	75436958	75432702	0
18	756836	751704	0
18	756836	751723	0
18	75712386	75696078	0
18	75868253	75844924	0
18	76015862	76008117	0
18	76177739	76173303	3
18	76229004	76227989	0
18	76255215	76254291	4
18	76359566	76358196	1
18	76370596	76358189	3
18	76371572	76361767	3
18	76378914	76362270	3
18	76380286	76371466	2
18	76380304	76371466	1
18	76443212	76378854	0
18	76463142	76441244	0
18	76490780	76442828	0
18	76495191	76463027	0
18	76634967	76623005	0
18	76704255	76703443	0
18	76816843	76794731	0
18	76887565	76884934	1
18	76979198	76979355	0
18	76979198	76982177	0
18	76981485	76982182	0
18	76981990	76982136	0
18	76982315	76983726	0
18	76982624	76980454	0
18	76984802	76980063	0
18	76984895	76978826	0
18	76984895	76978833	0
18	76984895	76978851	0
18	76984895	76978860	0
18	76984895	76979766	0
18	76984895	76980234	0
18	76984895	76980274	0
18	76984895	76980291	0
18	76984895	76980300	0
18	76984895	76980336	0
18	76984895	76980344	0
18	76984895	76980350	0
18	76984895	76980352	0
18	76984895	76980426	0
18	76984895	76982580	0
18	76985211	76984774	0
18	76985211	76984794	0
18	76985211	76984803	0
18	76985488	76984774	0
18	76986984	76985203	0
18	76987957	76978833	0
18	76988521	76984774	0
18	76988528	76984727	0
18	76988528	76984773	0
18	76988528	76984774	0
18	76988528	76984807	0
18	76988528	76984812	0
18	76988528	76984853	0
18	76988528	76985203	0
18	76988528	76985249	0
18	76988528	76986905	0
18	76988913	76978834	0
18	76988913	76980426	0
18	76988913	76984774	0
18	76988913	76984794	0
18	76988913	76987589	0
18	76988913	76988299	0
18	76988913	76988320	0
18	76988913	76988409	0
18	76988913	76988494	0
18	76988943	76988494	0
18	76988986	76988494	0
18	76989054	76988494	0
18	76989077	76988493	0
18	76989991	76988876	0
18	76990024	76988876	0
18	76990061	76979740	0
18	76990061	76988475	0
18	76990061	76988494	0
18	76990061	76988876	0
18	76990915	76989955	0
18	77009901	76989955	0
18	77009927	76989955	0
18	77010123	76989955	0
18	77016847	76989955	0
18	77016914	76989955	0
18	77017001	76988494	0
18	77017043	76989955	0
18	77017043	77009848	0
18	77017052	76989955	0
18	77017056	76989725	0
18	77017056	76989955	0
18	77017056	76990826	0
18	77017056	77005883	0
18	77017056	77009848	0
18	77017059	76988876	0
18	77017059	76989955	0
18	77017062	76989955	0
18	77017063	76984774	0
18	77017063	76989955	0
18	77017066	76989955	0
18	77017066	76990010	0
18	77017066	77016831	0
18	77017087	76989955	0
18	77017096	77009848	0
18	77017262	76980326	0
18	77017269	76989955	0
18	77017269	76989978	0
18	77017779	77016831	0
18	77066386	76989955	0
18	77066386	77012778	0
18	77066386	77016831	0
18	77066386	77016929	0
18	77066386	77016978	0
18	77066386	77017069	0
18	77066386	77017084	0
18	77066386	77017118	0
18	77087583	77066297	0
18	77087610	77065773	0
18	77087652	77066297	0
18	77095551	77066297	0
18	77097475	77066297	0
18	77105262	77066297	0
18	77105287	77066297	0
18	77105287	77066311	0
18	77112795	77113796	0
18	77127713	77105210	0
18	77127946	77105210	0
18	77131685	77105210	0
18	77132770	77105210	0
18	77132815	77105210	0
18	77132819	77105210	0
18	77132845	77105210	0
18	77133684	77105210	0
18	7749200	7747532	0
18	7749444	7741309	0
18	775113	756556	0
18	775267	756556	0
18	77633361	77632927	0
18	77979630	77971503	38
18	77986611	77983019	23
18	77989915	77986873	9
18	77993723	77971813	34
18	78796673	78795611	0
18	787987	756676	0
18	78918994	78908628	0
18	78927442	78925063	0
18	78977884	78977287	0
18	78978844	78976554	0
18	78978844	78977094	0
18	78979075	78978350	0
18	78992253	78993056	0
18	78994906	78995121	0
18	79254857	79253576	0
18	79343973	79340257	0
18	79359463	79361738	0
18	79372686	79372824	0
18	79470941	79470119	0
18	79641300	79638927	0
18	79679746	79660638	0
18	79703652	79702720	12
18	79904184	79902465	7
18	79915962	79903893	4
18	79919401	79902419	2
18	79919401	79902420	2
18	79919401	79903577	0
18	79919401	79904051	1
18	79919401	79904140	0
18	79930312	79919183	1
18	79930312	79919231	1
18	79930312	79924886	0
18	79934023	79919183	1
18	79934023	79919227	2
18	79934023	79930227	2
18	79935480	79933968	5
18	79941751	79919183	1
18	79943463	79902514	2
18	79943463	79903445	1
18	79943463	79919183	0
18	79943463	79919343	0
18	79943463	79930227	1
18	79943463	79933968	1
18	79944325	79933968	1
18	79976788	79973524	37
18	79976788	79973533	49
18	79977702	79970810	41
18	79977702	79972874	26
18	79977702	79973512	37
18	79977702	79976717	34
18	79977918	79973565	53
18	79979641	79977601	33
18	79985867	79977597	28
18	79986735	79973541	37
18	79986751	79977597	27
18	79988537	79977597	25
18	79988538	79977330	14
18	79988542	79973406	28
18	79988594	79977597	25
18	80030578	79977597	0
18	80033895	79994942	0
18	80033950	79977597	0
18	812239	756556	0
18	812267	775057	0
18	812358	787902	0
18	812547	756556	0
18	8364990	8360819	0
18	8376598	8378264	15
18	84149	80139	0
18	8636348	8635178	25
18	8707622	8695855	0
18	8786092	8787093	16
18	904349	903984	0
18	904482	903984	0
18	905041	904148	0
18	905061	905385	0
18	905750	904851	0
18	907681	894434	0
18	9102798	9103091	4
18	9115878	9112403	4
18	9117639	9117837	14
18	9132399	9121264	26
18	9132410	9121276	29
18	9136646	9133390	0
18	927994	926082	0
18	9322153	9315193	0
18	9549339	9546790	68
18	9549339	9546909	68
18	9549339	9547712	86
18	9549339	9547803	75
18	9550187	9549196	60
18	9550301	9549237	67
18	9550316	9550051	91
18	9550399	9550051	87
18	9550483	9549833	70
18	9551940	9550051	58
18	9553423	9550051	68
18	9553423	9550277	66
18	9553423	9550368	64
18	9557383	9553321	37
18	9559542	9557220	14
18	9559577	9556980	12
18	9559605	9557220	9
18	9559605	9557325	9
18	9562073	9559418	5
18	9562076	9559418	5
18	9563047	9561979	3
18	9563147	9561979	3
18	9563551	9561979	8
18	9563551	9562921	11
18	9563551	9562922	9
18	9563867	9561982	6
18	9577192	9570156	5
18	9583276	9577063	3
18	9584581	9577063	5
18	9584829	9584514	0
18	9588236	9584720	1
18	9588236	9584775	1
18	9588854	9588078	5
18	9588854	9588084	5
18	9588854	9588088	5
18	9588854	9588090	4
18	9588854	9588108	5
18	9588854	9588113	5
18	9588854	9588137	4
18	9588854	9588151	3
18	9588854	9588171	4
18	9588854	9588208	5
18	9593875	9588710	2
18	9593875	9588728	2
18	9593875	9588826	3
18	9595062	9593767	3
18	9595103	9588710	2
18	9595103	9593767	1
18	9595103	9594178	3
18	9595154	9588710	2
18	9595154	9593767	5
18	9599713	9595017	1
18	9599742	9595017	1
18	9612691	9595017	1
18	9613577	9595017	1
18	9613590	9595017	1
18	9614271	9588710	1
18	9614271	9593767	0
18	9614271	9594702	0
18	9614271	9595017	0
18	9614271	9612456	0
18	9614275	9594824	0
18	9614288	9595017	0
18	9614296	9595017	0
18	9614506	9614225	0
18	9614514	9614225	0
18	9614516	9614225	0
18	9614534	9613795	0
18	9614534	9614225	0
18	9614559	9614225	0
18	9614560	9614225	0
18	9614570	9614225	0
18	9614896	9614225	0
18	9615190	9614225	0
18	9615241	9614225	0
18	963263	962591	0
18	9735603	9734881	0
18	9841560	9840339	0
18	9885888	9885961	0
18	9887009	9887412	0
18	9887427	9887457	0
18	9887459	9887472	0
