20	10026649	10023811	0
20	10026649	10025615	0
20	10026652	10021977	0
20	10035325	10026543	0
20	10076914	10074436	0
20	10104395	10026074	0
20	10104395	10026543	0
20	10104395	10076873	0
20	10196938	10103726	0
20	10196938	10104285	0
20	10196938	10104344	0
20	10196938	10104384	0
20	10198876	10196817	0
20	10219316	10196817	0
20	10219507	10196817	0
20	10219755	10196817	0
20	10231620	10196817	0
20	10368720	10196817	0
20	10368777	10231483	0
20	10407727	10401008	0
20	10407727	10405183	0
20	10413932	10408627	0
20	10420759	10412529	0
20	10420759	10413519	1
20	10431923	10420527	0
20	10434223	10420527	2
20	10639956	10637758	45
20	10640934	10637683	1
20	10640934	10639471	1
20	10641277	10639869	0
20	10641694	10641112	4
20	10641893	10641459	0
20	10641893	10641579	0
20	10644980	10644356	0
20	10645257	10644442	0
20	10645257	10644862	0
20	10645470	10645142	0
20	10646085	10645355	0
20	10646085	10645371	0
20	10646367	10645355	0
20	10647104	10645721	0
20	10647104	10645970	0
20	10647313	10645970	0
20	10648029	10646938	0
20	10648111	10646938	0
20	10648111	10647047	0
20	10648677	10647959	0
20	10648723	10647959	0
20	10649108	10647959	0
20	10649108	10647980	0
20	10650258	10649521	0
20	10650361	10649521	0
20	10651695	10649521	0
20	10761536	10753277	0
20	10878374	10875332	0
20	10894021	10878323	0
20	1118451	1117846	0
20	11268836	11266115	0
20	11268883	11234169	0
20	11540565	11536405	0
20	11810427	11800462	0
20	1183949	1181156	0
20	1184474	1180560	0
20	11849612	11809986	0
20	1185416	1181283	0
20	11870716	11810020	0
20	11913677	11909403	0
20	11918012	11918333	3
20	11918678	11913313	2
20	11918877	11919085	1
20	11919611	11919717	1
20	12244297	12243894	0
20	12316486	12305612	0
20	12866606	12865201	0
20	12940937	12924731	0
20	12952520	12950399	0
20	13009073	13009200	0
20	1310892	1309908	0
20	1310892	1309974	0
20	1311082	1310297	0
20	1312763	1312336	0
20	1313499	1312586	0
20	1313640	1312586	0
20	1318419	1312701	0
20	1318419	1313339	0
20	1319660	1317570	0
20	1319660	1318317	0
20	1319660	1318372	0
20	13239105	13237800	0
20	13245370	13244063	0
20	1325708	1320362	0
20	1325870	1320362	0
20	1329140	1320362	0
20	1329240	1320362	0
20	13417522	13389391	0
20	13435155	13417447	0
20	13483338	13435043	0
20	13528512	13483226	0
20	13534142	13483226	0
20	13587371	13580896	0
20	13600618	13587249	0
20	13617124	13587249	0
20	13617124	13600542	0
20	13623515	13587249	0
20	13623515	13614666	0
20	13625253	13587249	0
20	1370073	1368977	953
20	1371148	1369583	20
20	13717515	13714321	0
20	1372155	1371021	19
20	1372241	1368977	13
20	1372241	1368978	13
20	1372241	1369579	16
20	1372241	1369771	15
20	1372241	1369986	14
20	13728466	13718907	0
20	13728466	13728398	0
20	13733843	13728377	0
20	1375604	1371721	12
20	1375604	1371777	12
20	1375604	1372075	6
20	1375604	1372111	6
20	1377512	1375490	7
20	1378175	1377429	5
20	13850320	13849246	0
20	13850320	13849397	0
20	13850320	13849402	0
20	13850320	13849436	0
20	13851420	13850190	0
20	13859435	13850190	0
20	13865242	13850010	0
20	13865242	13850190	0
20	13913945	13888458	0
20	13915242	13913463	0
20	13915242	13913781	0
20	1391722	1320362	1
20	13919124	13913781	0
20	13919124	13913861	0
20	1392882	1320362	0
20	1392882	1372075	1
20	1392882	1375292	0
20	1392882	1375490	0
20	1392882	1377429	0
20	1392963	1375490	9
20	1392999	1392833	3
20	1393029	1392833	30
20	1393039	1375490	10
20	1393087	1392833	45
20	1393097	1392833	41
20	1393163	1392833	41
20	1393165	1392833	41
20	1393173	1372075	1
20	1393173	1375490	2
20	1393173	1392833	41
20	13931764	13928038	0
20	13931772	13919020	0
20	13931775	13927983	0
20	13990610	13956075	0
20	13990613	13956075	0
20	13990617	13956075	0
20	13995268	13956075	0
20	13995334	13956075	0
20	13996444	13956075	0
20	14329328	14323994	1
20	14337609	14322987	3
20	14337615	14328921	0
20	14337617	14329133	0
20	1445831	1442161	2
20	1446150	1443734	4
20	1452631	1445665	1
20	1453141	1452492	0
20	1453141	1452544	0
20	1454306	1453030	0
20	1454306	1453119	0
20	145489	145578	0
20	1455038	1454212	0
20	1455133	1453030	0
20	1455133	1454212	0
20	1458275	1454212	1
20	1458275	1454966	1
20	1458275	1455713	1
20	1463442	1458199	0
20	1464427	1458029	0
20	1464427	1458199	0
20	1464427	1463334	0
20	1466823	1463905	0
20	1466825	1464328	0
20	1466829	1464328	0
20	1466830	1464328	0
20	1466833	1464328	0
20	1466836	1458199	0
20	1466850	1457954	0
20	1466906	1458199	0
20	1466919	1464328	0
20	1467693	1464328	0
20	1473013	1458199	0
20	1473013	1470740	0
20	1473212	1472667	0
20	1473261	1472714	0
20	1477404	1473791	0
20	1477404	1474590	0
20	1477404	1476139	0
20	1478608	1476804	0
20	1478608	1477337	0
20	1479795	1478503	0
20	1480066	1478265	0
20	1480066	1478359	0
20	1480066	1479699	0
20	1480437	1479925	0
20	14888305	14884252	0
20	1491384	1479993	0
20	1491397	1479699	0
20	1491414	1479925	0
20	1491454	1479133	0
20	1491482	1479993	0
20	1491519	1479699	0
20	1491588	1479699	0
20	14929487	14888095	0
20	14929516	14904940	0
20	14935075	14933842	0
20	1521878	1516758	0
20	1533795	1521562	0
20	1537311	1534250	0
20	1537314	1534250	0
20	1551940	1537154	0
20	1552039	1533478	0
20	1552039	1534250	1
20	1552039	1537154	0
20	1554311	1551690	0
20	15552886	15552156	0
20	1557706	1551690	0
20	1557745	1540143	0
20	1558844	1551690	0
20	1566268	1563520	6
20	1566268	1564382	1
20	1566268	1564383	1
20	1566268	1565204	1
20	1571138	1566152	1
20	1571913	1570516	2
20	1572038	1570804	2
20	1578695	1551937	2
20	1578695	1551959	2
20	1578695	1566152	0
20	1578695	1566229	0
20	1578695	1571719	0
20	1578695	1578149	0
20	1598937	1597339	0
20	1598937	1597746	0
20	1605007	1603809	0
20	1605060	1603809	0
20	1605945	1604974	0
20	1611421	1566152	0
20	1611564	1557580	0
20	1611714	1604741	0
20	1619997	1578337	0
20	1620010	1578337	0
20	1620062	1578337	0
20	16224536	16223749	0
20	1630307	1629151	0
20	1630307	1629526	0
20	1630644	1630221	0
20	1630837	1630221	0
20	16312419	16272103	0
20	16312419	16273252	0
20	1635600	1630221	0
20	1636506	1630221	0
20	1636506	1630223	0
20	16370637	16356329	0
20	16370637	16366842	0
20	16380164	16371664	0
20	16380164	16374256	0
20	16381748	16378804	0
20	16381748	16379749	0
20	1649409	1630221	0
20	1649409	1636187	0
20	1670242	1665282	0
20	16717673	16714843	0
20	16718331	16717544	0
20	16720163	16718304	0
20	16730949	16718237	0
20	16859437	16857961	0
20	1697780	1670880	0
20	17497024	17493904	0
20	17497024	17493905	0
20	17508997	17498819	0
20	17508997	17506827	0
20	17512069	17508888	0
20	17514742	17511975	0
20	17514817	17511975	0
20	17514817	17511991	0
20	17524909	17514720	0
20	17569221	17562973	0
20	17614881	17613677	12
20	17614881	17614127	8
20	17615530	17613677	8
20	17627383	17625511	13
20	17627683	17627347	4
20	17627683	17627359	2
20	17641920	17636576	0
20	17643086	17641444	0
20	17643128	17641796	0
20	17658933	17633459	0
20	17659974	17658595	42
20	17660508	17642978	0
20	17660529	17642978	0
20	17660529	17658604	28
20	17680076	17642978	0
20	17680076	17658595	0
20	17680076	17659979	0
20	17682296	17659605	0
20	17682296	17659979	0
20	1769442	1767956	0
20	1773520	1769114	0
20	1774666	1773364	0
20	1778849	1773233	0
20	17888161	17887362	0
20	17943196	17941596	32
20	17943196	17941833	39
20	17943196	17942137	36
20	17943623	17941599	34
20	17944145	17943109	96
20	17947622	17944121	68
20	17947646	17943109	61
20	17948977	17947147	4
20	17948977	17947485	5
20	17949104	17948889	3
20	17950208	17949063	9
20	17950208	17949097	8
20	17950397	17950131	6
20	17951328	17950290	10
20	17951538	17950290	9
20	17951596	17950290	9
20	17951596	17950321	8
20	17951596	17951020	3
20	17952711	17951499	2
20	17952711	17951525	2
20	17954025	17951499	3
20	17954118	17952586	0
20	17954224	17952586	0
20	17954232	17952586	0
20	17955476	17952586	2
20	17955476	17953995	4
20	17955476	17954129	6
20	17957038	17953995	5
20	17957038	17955364	0
20	17961327	17956932	11
20	17961996	17956932	7
20	17968454	17967918	52
20	17968458	17956932	3
20	17968459	17956932	3
20	17968512	17955364	0
20	17968721	17956932	3
20	17968757	17956932	3
20	17968761	17956932	3
20	17968786	17967687	41
20	17968795	17968107	47
20	17968801	17956932	3
20	17968812	17968374	89
20	17968981	17968374	54
20	17996753	17956978	0
20	18041724	17996560	0
20	18041724	18024151	0
20	18041724	18024261	0
20	18050740	18041604	0
20	18056878	18041533	0
20	18059189	18041533	0
20	1810675	1804015	0
20	18315112	18313764	2
20	18325235	18322551	0
20	18325235	18323654	0
20	18328976	18323643	0
20	18385091	18383366	0
20	18385091	18383368	0
20	18385091	18383370	0
20	18385091	18383379	3
20	18385091	18384076	0
20	18385091	18384398	0
20	18393812	18390378	0
20	18394351	18393710	0
20	18394351	18393713	0
20	18398627	18396471	0
20	18412836	18398522	0
20	18412854	18398343	0
20	18412854	18398522	0
20	18413223	18412645	0
20	18414513	18398522	0
20	18414513	18412645	0
20	18427160	18412719	0
20	18427160	18414347	0
20	18427160	18415326	0
20	18443465	18432494	0
20	18443465	18433651	0
20	18490481	18486539	25
20	18490481	18489458	1
20	18494064	18489287	0
20	18643635	18642781	0
20	18678980	18674394	0
20	18789710	18786064	0
20	18789710	18788546	0
20	18789710	18788663	0
20	18811717	18809727	0
20	18825349	18809727	0
20	1889604	1888127	0
20	1891169	1890220	0
20	1891203	1889526	0
20	189682	187852	0
20	19007787	19000708	0
20	19213478	19212851	0
20	19244289	19242301	0
20	19694208	19693291	0
20	19694686	19693291	0
20	19694925	19693266	0
20	19694925	19693291	0
20	19696770	19693211	0
20	19696771	19693208	0
20	19696795	19693266	0
20	19697577	19693291	0
20	1983104	1978756	0
20	1983104	1978758	0
20	19889425	19889565	0
20	20037535	20036005	0
20	20037572	20034367	3
20	20037572	20034373	3
20	20037572	20036141	0
20	20095685	20094400	0
20	20215263	20214298	0
20	20259797	20258406	0
20	20267810	20259697	0
20	20396735	20392766	0
20	20396735	20392767	0
20	20412149	20389551	0
20	20472957	20412026	0
20	20472957	20412114	0
20	20495276	20470932	0
20	20495276	20472828	0
20	20591315	20589267	0
20	20598820	20591176	0
20	20601847	20591176	0
20	20635618	20629362	0
20	20637502	20635350	0
20	20637502	20635417	0
20	20676289	20653529	0
20	21093853	21087603	0
20	21101560	21092808	0
20	21106335	21093557	0
20	21106359	21093737	0
20	21151026	21148740	0
20	21154190	21151330	0
20	21154195	21151667	0
20	21158527	21154117	0
20	21160949	21154022	0
20	21160949	21154117	0
20	21195519	21194403	0
20	21197577	21195971	0
20	21198805	21162795	0
20	21198805	21197461	0
20	21202373	21194042	0
20	21202373	21197539	0
20	21244289	21246478	1
20	21244521	21246478	2
20	21398029	21395366	3
20	21511728	21511952	0
20	21514027	21511009	0
20	21612678	21610786	0
20	21626427	21612351	0
20	22274547	22263064	0
20	22274547	22263160	0
20	22274547	22270045	0
20	22280541	22274403	0
20	22280541	22274407	0
20	22282416	22280227	0
20	22282487	22276420	0
20	22282673	22274407	0
20	22282673	22280338	0
20	22375657	22371215	0
20	22376389	22375310	0
20	22401463	22400350	0
20	22401463	22400507	0
20	22420648	22376305	0
20	22453361	22449434	0
20	22453489	22449641	0
20	22548498	22547670	0
20	22560925	22548847	0
20	22564269	22560791	0
20	22566806	22560552	0
20	22584262	22567793	0
20	22584262	22581004	0
20	22584464	22581004	0
20	22589412	22587521	0
20	22684849	22683159	0
20	22684879	22676071	0
20	22684905	22668483	0
20	22961919	22960533	0
20	23010897	23010208	0
20	23086341	23079348	0
20	23128730	23125067	0
20	23188159	23189782	0
20	23322366	23320957	0
20	23351487	23346940	0
20	23357138	23356593	0
20	23357856	23357050	0
20	23358006	23357050	0
20	23358117	23356794	0
20	23379496	23374518	3
20	23379496	23374521	3
20	23379936	23379444	0
20	23379936	23379471	0
20	23381318	23378798	0
20	23381318	23379866	0
20	23397189	23394921	0
20	23397189	23395138	0
20	23397201	23395138	0
20	23403073	23394921	0
20	23403073	23395138	0
20	23403073	23396737	0
20	23403073	23397071	0
20	23451921	23450402	0
20	23452858	23450402	0
20	23519055	23481644	0
20	23548916	23547763	0
20	23566088	23564731	0
20	23605877	23602409	0
20	23634000	23626705	0
20	23635368	23633647	1
20	23635368	23633656	1
20	23635368	23633913	1
20	23656391	23655224	0
20	23687202	23685639	0
20	23749130	23747552	0
20	23749130	23747730	0
20	23774172	23772784	0
20	23825324	23823768	0
20	23877619	23875934	0
20	23920177	23918770	0
20	23985781	23985049	0
20	23985781	23985052	0
20	24144387	24142589	0
20	24298418	24297584	0
20	24495800	24491471	0
20	2462762	2461633	7
20	2462762	2461659	8
20	2467316	2465707	6
20	2467759	2465707	5
20	2467759	2467191	9
20	2467759	2467211	8
20	2486764	2481822	1
20	2492826	2467606	0
20	2492826	2481816	0
20	2492826	2481822	0
20	2492826	2484526	0
20	2492826	2486640	0
20	2492826	2491840	0
20	2492826	2492031	0
20	2493031	2481816	0
20	2493578	2492698	0
20	24964399	24962924	12
20	24969085	24962924	7
20	24978883	24973644	0
20	2500743	2492698	0
20	25009389	25006229	0
20	25009389	25006231	0
20	25012327	25006231	0
20	25012940	25006229	0
20	25048182	25030758	0
20	25048182	25045937	0
20	25072644	25071483	0
20	25077866	25070884	0
20	25077866	25072535	0
20	25077866	25075435	0
20	25078000	25076307	0
20	25078953	25071483	0
20	25078953	25072535	0
20	25078953	25077684	0
20	25079515	25078547	0
20	25079515	25078828	0
20	25143514	25140788	0
20	25144424	25143239	0
20	25144424	25143364	0
20	25144424	25143367	0
20	25222427	25222837	22
20	25245230	25239006	3
20	25300885	25294742	8
20	25302347	25294742	8
20	25302347	25300197	5
20	25303629	25302218	0
20	25306916	25303262	1
20	25306916	25303549	0
20	25308046	25306832	0
20	25308495	25307965	0
20	25309499	25308456	0
20	25309576	25308456	0
20	25310473	25309445	0
20	25314971	25309445	0
20	25314971	25309498	0
20	25320319	25317047	0
20	25323431	25320198	0
20	25390135	25339226	0
20	25390754	25339226	0
20	25390977	25339226	0
20	25390984	25339226	0
20	25455787	25452704	0
20	25455787	25452825	0
20	25455787	25452836	0
20	25458530	25455672	0
20	25458977	25455672	0
20	25462542	25461521	0
20	25462743	25461521	0
20	25467459	25462382	0
20	25482101	25480160	0
20	25489325	25481837	0
20	25489325	25481967	0
20	25489986	25488982	0
20	25489986	25489243	0
20	25624176	25612934	0
20	25674008	25674896	25
20	25674008	25676935	17
20	25675079	25676935	27
20	25685663	25674214	1
20	25685663	25676948	0
20	25765002	25763465	0
20	25775271	25774230	0
20	25775273	25774013	0
20	25775313	25764893	0
20	25782136	25775176	0
20	25782136	25775254	0
20	25786989	25775109	0
20	25786989	25782035	0
20	25836833	25835984	3
20	25848949	25774017	0
20	25848949	25775022	0
20	25850885	25782035	0
20	25859904	25786700	0
20	25868027	25852097	0
20	25868151	25786744	0
20	25868169	25867071	0
20	26010532	26008790	2
20	26113987	26103488	0
20	26114029	26103415	0
20	2613227	2613832	0
20	26134199	26132886	0
20	26190120	26187709	0
20	26191764	26187631	0
20	26191764	26187709	0
20	26191764	26187752	0
20	26191862	26187631	0
20	26191862	26187634	0
20	26191862	26187823	0
20	26191897	26187631	0
20	26191897	26187637	0
20	26191901	26187018	0
20	26191901	26187631	0
20	26191901	26187634	0
20	26191901	26187637	0
20	26191901	26187648	0
20	26191901	26187709	0
20	26191901	26187793	0
20	26191901	26187808	0
20	26191901	26187838	0
20	26191901	26189962	0
20	26192233	26187631	0
20	26192233	26187634	0
20	26192233	26187637	0
20	26192233	26187709	0
20	26192233	26191670	0
20	26192233	26191792	0
20	26192838	26191813	0
20	26194445	26191670	0
20	26194445	26192128	0
20	26194445	26192132	0
20	26199524	26191792	0
20	26199524	26192132	0
20	26199524	26194297	0
20	26199524	26194385	0
20	26199526	26192132	0
20	26200317	26191792	0
20	26200317	26192132	0
20	26200317	26194297	0
20	26208044	26191670	0
20	26208068	26192132	0
20	26208239	26191792	0
20	26208239	26192132	0
20	26208239	26199448	0
20	26208263	26200195	0
20	26208445	26199448	0
20	26208892	26199448	0
20	26209096	26191792	0
20	26209096	26192132	0
20	26209096	26199448	0
20	26209190	26199448	0
20	26209223	26199448	0
20	26209234	26199448	0
20	26209247	26200195	0
20	26209249	26199448	0
20	26209262	26192132	0
20	26209262	26194297	0
20	26209262	26199448	0
20	26209262	26200195	0
20	26209294	26200195	0
20	26209307	26200195	0
20	26209324	26200195	0
20	26209343	26199448	0
20	26209358	26199448	0
20	26209463	26192132	0
20	26209840	26200457	0
20	26209845	26200195	0
20	26251426	26249853	0
20	26251467	26199448	0
20	26251493	26192132	0
20	26251506	26199448	0
20	26251527	26199448	0
20	2652664	2652841	8
20	2654309	2654413	27
20	2655513	2655594	45
20	2655747	2655933	87
20	2655747	2656400	107
20	2656035	2656400	155
20	2656215	2656400	83
20	2656550	2656773	30
20	2656896	2657080	74
20	2657219	2657372	81
20	2657219	2657928	115
20	2657489	2657928	110
20	2658838	2658394	105
20	2659586	2658394	13
20	2659586	2658541	17
20	2659586	2658637	18
20	2659586	2658758	18
20	2659586	2659014	14
20	2659794	2659524	11
20	2659917	2659282	10
20	2660177	2659524	11
20	2660177	2659698	16
20	2660309	2660029	6
20	2660310	2660067	7
20	2660360	2659698	9
20	2660366	2660029	8
20	2660554	2660031	7
20	2660591	2660262	8
20	2660830	2660262	12
20	2660830	2660456	11
20	2660970	2660295	10
20	2660970	2660456	5
20	2660970	2660696	4
20	2663567	2660504	0
20	2663567	2660908	0
20	2751988	2752085	0
20	276087	270862	0
20	2794640	2794068	0
20	2815018	2815151	0
20	2836111	2835313	23
20	2836315	2835313	10
20	2838367	2835313	17
20	2838479	2836038	19
20	2838747	2836038	27
20	2838747	2838231	5
20	28582030	28580708	30
20	2862711	2862806	0
20	2864084	2864178	8
20	29416168	29415263	0
20	29481469	29480146	5
20	30287473	30278905	0
20	30324827	30323811	0
20	30331252	30324526	0
20	30335688	30331107	0
20	30350468	30331079	0
20	30663243	30656032	0
20	30714894	30712078	0
20	30720053	30715956	0
20	30720331	30719878	0
20	30723933	30719815	0
20	3083179	3082555	0
20	3109751	3110277	10
20	3115467	3107572	0
20	3122585	3107572	0
20	3122585	3115304	0
20	3123407	3121383	0
20	3123407	3122373	0
20	31308586	31303211	0
20	31311963	31311302	0
20	31343215	31341370	0
20	31378392	31377163	0
20	31390484	31388967	0
20	31390570	31388322	0
20	31390591	31378351	0
20	31390604	31377163	0
20	31406267	31404868	0
20	31412839	31404844	0
20	31423868	31421529	0
20	31428636	31421435	0
20	31473014	31465505	0
20	31476758	31472598	0
20	31547607	31548379	22
20	31547607	31548676	21
20	31547607	31549028	33
20	31547693	31548676	26
20	31548794	31549028	38
20	3156791	3123311	0
20	31572924	31567706	5
20	3159898	3146518	0
20	3160197	3123311	0
20	31605814	31606052	23
20	3165629	3162616	4
20	3166361	3162616	3
20	3166361	3162617	3
20	31722331	31666034	0
20	31722349	31664451	0
20	31722549	31722072	6
20	31722598	31664451	0
20	31722861	31721843	53
20	31722899	31721654	12
20	31723099	31721654	18
20	31723901	31721654	5
20	31723955	31721654	0
20	31723990	31721654	0
20	31723990	31721675	2
20	31819429	31819532	0
20	31848904	31847636	0
20	31862743	31850611	0
20	31862743	31861066	0
20	31863982	31862570	0
20	31863982	31862586	0
20	31864339	31863626	0
20	31865003	31863906	0
20	3191239	3190349	2
20	3191585	3190349	2
20	3191822	3190519	8
20	3191822	3191189	2
20	31943056	31943765	0
20	31943846	31944025	0
20	31946577	31944341	2
20	3194869	3191423	0
20	3194869	3191764	0
20	32031576	32027752	0
20	32202293	32192502	0
20	32235123	32236432	124
20	322566	320312	0
20	322566	320332	0
20	3228357	3227431	1
20	3228429	3227416	0
20	3228429	3227421	0
20	3228429	3227437	0
20	3228429	3227438	0
20	3228429	3227497	0
20	3228429	3227635	4
20	3229012	3228511	0
20	3229264	3228837	1
20	3229453	3228927	2
20	3229707	3229345	5
20	3229777	3229094	0
20	3229777	3229345	3
20	3230261	3229345	2
20	3230261	3229523	0
20	3230561	3229670	2
20	3234246	3233920	0
20	3234315	3233920	0
20	3234618	3233920	0
20	3234618	3234082	0
20	3234618	3234234	0
20	3234618	3234277	0
20	32358596	32358763	92
20	3237589	3234567	0
20	3237589	3234741	0
20	3237728	3234741	0
20	3238101	3237543	0
20	3238167	3237543	0
20	3238714	3237543	0
20	3239182	3237543	0
20	3239191	3237543	0
20	3239218	3237543	0
20	3239560	3237543	0
20	32428249	32428324	7
20	32429432	32429900	23
20	32429432	32431320	8
20	32430054	32431320	8
20	32431177	32431320	8
20	32433918	32434431	8
20	32447817	32447147	12
20	32452438	32443058	1
20	32452438	32443061	1
20	32452438	32447750	1
20	32453007	32452235	0
20	32453496	32452883	0
20	32453762	32453303	0
20	32454085	32453575	0
20	32456396	32453575	0
20	32474736	32456117	0
20	32474743	32456117	0
20	32474743	32464779	0
20	32486802	32485536	0
20	32511408	32474600	0
20	32511457	32474600	0
20	32511457	32486695	0
20	32511457	32509783	0
20	32520855	32511346	0
20	32520923	32511346	0
20	32527914	32520810	0
20	32532417	32527757	0
20	32535599	32527764	0
20	3253820	3249304	1
20	32584829	32527757	0
20	32584891	32527757	0
20	32585075	32548506	0
20	32640688	32631651	0
20	32640688	32632182	0
20	32640692	32632182	0
20	32650882	32640565	0
20	32651167	32632182	0
20	32651167	32640565	0
20	32651167	32649254	0
20	32651167	32650389	0
20	32704072	32632182	0
20	32704072	32640565	0
20	32704072	32651017	0
20	32704072	32651732	0
20	32704072	32656575	0
20	32704072	32702690	0
20	32704072	32702702	0
20	32704490	32702702	0
20	32704490	32704022	0
20	32704905	32704439	0
20	32704905	32704473	0
20	32854258	32843127	3
20	3296950	3294527	0
20	3298176	3295493	0
20	3298176	3296860	0
20	32985186	32983772	0
20	33000136	32997637	0
20	33001279	32999852	0
20	33001279	33000073	0
20	33002662	32999852	0
20	33002920	32999852	0
20	33217068	33214919	0
20	33225248	33226405	0
20	33237760	33237801	0
20	33360492	33358838	2
20	33367006	33360350	0
20	33367009	33358840	0
20	33367009	33360350	0
20	33370630	33360350	0
20	33370630	33366858	0
20	33370630	33366907	0
20	33372698	33370498	2
20	33373360	33370498	4
20	33374213	33372641	2
20	33379589	33373600	3
20	33379692	33358844	0
20	33379692	33374114	0
20	33383522	33379460	0
20	33385771	33370498	0
20	33385771	33374114	0
20	33385771	33379460	0
20	33385771	33379512	1
20	33387534	33370498	3
20	33387534	33372641	1
20	33394067	33374114	1
20	33401479	33379460	0
20	33401505	33372641	1
20	33408889	33407954	1
20	33657858	33657086	35
20	33658034	33657086	12
20	33658034	33657087	12
20	33658034	33657563	0
20	33658034	33657636	0
20	33658034	33657676	0
20	33658034	33657729	0
20	33658034	33657756	0
20	33658034	33657789	0
20	33658555	33657941	0
20	33658555	33657944	0
20	33658555	33657961	0
20	33658817	33658479	0
20	33658835	33658476	0
20	33658835	33658522	0
20	33658835	33658526	0
20	33659733	33658721	2
20	33659733	33659496	3
20	33659999	33659652	2
20	33660004	33658721	2
20	33660004	33659496	3
20	33660004	33659652	2
20	33660035	33659652	3
20	33660059	33659652	3
20	33660059	33659658	3
20	33660396	33659496	7
20	33660396	33659652	4
20	33660396	33659884	7
20	33662185	33660258	0
20	33662238	33660258	0
20	33662242	33660258	0
20	33662420	33660258	0
20	33662424	33660258	0
20	33662779	33660258	1
20	33663720	33662211	0
20	33666660	33660258	0
20	33666703	33659926	0
20	33669429	33660258	1
20	33669473	33659884	0
20	33669473	33660258	0
20	33669713	33660250	0
20	33669713	33669142	0
20	33669713	33669374	0
20	33670422	33669374	0
20	33670761	33669686	0
20	33670766	33669686	0
20	33670782	33669686	0
20	33670793	33669374	0
20	33670793	33669447	0
20	33670793	33669686	0
20	33672423	33669686	0
20	33672423	33670683	0
20	33674360	33672397	1
20	33674367	33672397	1
20	33674389	33672033	6
20	33674390	33672397	0
20	33674409	33672397	0
20	33674410	33672397	0
20	33674421	33672397	0
20	33674464	33672397	0
20	33677331	33675682	18
20	33710754	33702753	0
20	33710774	33707488	0
20	33714737	33707268	0
20	33731829	33728930	0
20	3374155	3359515	0
20	33793028	33787372	0
20	33795617	33787374	0
20	33795617	33787446	0
20	33913337	33912322	0
20	33991819	33985616	0
20	33993125	33983051	0
20	33993135	33980686	0
20	33993151	33992487	1
20	33994358	33992487	0
20	34016599	34014968	0
20	3407626	3382426	0
20	34090603	34088297	5
20	34112333	34105367	0
20	34250139	34234839	0
20	34281174	34249998	0
20	34285635	34280267	0
20	34285635	34280269	0
20	34286467	34281631	0
20	34291532	34290730	0
20	34292508	34291418	1
20	34292508	34291464	1
20	34294157	34292357	9
20	34295586	34293465	0
20	34295586	34294080	0
20	34301949	34295394	2
20	34302676	34295428	2
20	34303318	34295394	0
20	34303349	34295394	1
20	34303358	34295221	0
20	34311803	34295394	0
20	34442026	34441591	0
20	34559906	34560171	16
20	34575247	34560541	1
20	34575247	34560865	2
20	34575247	34560902	5
20	34581673	34575103	1
20	34581673	34579018	0
20	34616094	34588539	0
20	34616140	34588452	0
20	34634704	34588452	0
20	34634716	34616041	0
20	34644227	34637875	0
20	34645335	34643566	0
20	34645335	34644163	0
20	34657245	34644163	0
20	34690198	34689096	0
20	34698791	34657179	0
20	34698804	34690094	0
20	34698849	34696917	0
20	34698849	34697140	0
20	34714629	34698694	0
20	34715157	34698694	0
20	34727408	34697140	0
20	34727408	34714773	0
20	34727408	34714774	0
20	34727408	34715066	0
20	34743342	34736689	5
20	34746929	34736689	0
20	34746929	34738897	0
20	348225	322377	0
20	34834463	34833574	0
20	34850061	34844719	0
20	34850061	34845012	4
20	34850918	34849960	13
20	34851369	34849960	8
20	34851369	34850026	8
20	34862966	34861444	1
20	34863549	34862813	2
20	34929591	34928432	21
20	34929591	34928443	21
20	34929591	34928472	25
20	34929591	34928478	27
20	34929591	34928491	27
20	34929591	34928599	17
20	34929591	34928749	20
20	34929591	34928805	26
20	34929591	34928827	26
20	34931418	34928570	7
20	34931418	34928974	10
20	34931418	34929400	5
20	34931418	34929404	5
20	34931584	34929091	5
20	34932134	34931335	1
20	34935643	34931938	0
20	34935643	34932012	0
20	34935643	34933595	0
20	34936841	34931938	0
20	34936841	34932025	0
20	34936841	34935575	0
20	34936841	34935613	0
20	34937024	34931938	1
20	34937024	34935575	0
20	34942579	34941712	0
20	34942586	34941712	0
20	34942628	34941712	0
20	34942981	34942487	17
20	34943007	34936942	0
20	34943007	34941712	0
20	34943007	34942487	15
20	34943007	34942576	16
20	34946052	34942660	0
20	34946052	34942930	0
20	34946099	34936942	0
20	34946099	34941712	0
20	34946099	34942487	0
20	34946099	34942625	0
20	34946099	34942930	0
20	34946099	34942943	0
20	34951763	34945952	0
20	34951853	34945952	0
20	34951861	34936942	0
20	34951861	34942487	0
20	34951861	34942930	0
20	34951861	34945952	0
20	34951861	34949428	0
20	34951865	34945952	0
20	34952318	34951723	0
20	34952844	34951723	0
20	34954546	34951723	0
20	34954548	34951761	0
20	34955636	34951723	0
20	34955644	34951723	0
20	34955756	34951723	0
20	34955757	34951723	0
20	34955779	34951723	0
20	34955784	34945952	0
20	34955784	34951723	0
20	34955784	34951789	0
20	34955786	34951723	0
20	34955789	34951723	0
20	34955791	34951723	0
20	34955809	34951481	0
20	34955818	34951723	0
20	34956028	34951723	0
20	35001350	35001430	0
20	35002086	35002158	0
20	35002086	35002176	0
20	35003617	35002403	13
20	35035309	35016007	0
20	35035309	35021189	0
20	35118720	35115356	0
20	35118720	35115363	0
20	35216872	35201744	0
20	35218062	35216461	0
20	35218062	35216747	0
20	35236192	35217824	0
20	35236192	35224743	0
20	35272057	35256036	1
20	35272146	35217811	0
20	35272146	35224519	0
20	35272146	35225599	0
20	35272146	35236080	0
20	35272146	35267884	0
20	35276315	35272004	0
20	35277933	35276360	59
20	35278028	35277389	88
20	35278102	35272004	1
20	35278104	35272004	1
20	35278104	35276155	67
20	35278105	35272004	1
20	35278123	35272004	1
20	35278126	35272004	1
20	35278130	35277149	90
20	35278130	35277341	35
20	35278132	35272004	1
20	35279748	35272004	0
20	35279748	35278910	13
20	35280044	35279565	12
20	35280119	35279565	4
20	35280119	35279739	135
20	35280830	35279941	15
20	35284262	35279941	9
20	35284262	35280073	18
20	35284262	35280653	13
20	35284262	35280697	11
20	35284493	35279941	9
20	35284493	35280653	12
20	35284524	35279941	11
20	35288586	35285730	0
20	35304657	35303793	6
20	35306780	35302565	7
20	35306780	35303432	7
20	35306780	35303452	7
20	35306780	35303453	7
20	35306780	35303970	7
20	35306780	35303990	9
20	35307056	35306665	7
20	35307083	35302565	5
20	35314708	35306665	6
20	35314766	35306449	5
20	35314766	35306665	7
20	35314766	35306672	7
20	35314766	35306742	7
20	353307	353438	56
20	353307	354111	69
20	35346748	35345715	24
20	35347190	35346700	20
20	35347227	35314687	0
20	35347273	35306665	1
20	35347273	35314687	0
20	35347273	35346019	25
20	35366615	35344109	0
20	35366615	35346746	0
20	35366615	35347163	0
20	35366615	35347266	0
20	35382026	35306665	0
20	35382026	35314687	0
20	35382026	35366556	0
20	35382026	35374183	0
20	35384134	35314687	0
20	35384134	35366556	0
20	35384134	35381917	0
20	35384134	35381925	0
20	35384134	35381983	0
20	35386390	35381917	0
20	35394197	35366556	0
20	35394197	35374183	0
20	35394197	35381917	0
20	35438170	35433346	0
20	35438244	35433346	0
20	35454747	35441231	0
20	35477946	35476373	0
20	35481252	35476373	0
20	35490920	35477825	0
20	35490983	35476202	0
20	35522091	35520851	0
20	35522091	35521083	0
20	35522239	35521970	0
20	35522590	35521970	0
20	35522590	35522189	0
20	35522590	35522235	0
20	35523240	35522672	0
20	35523260	35522672	0
20	35527251	35523008	0
20	35528256	35527045	0
20	35528285	35523185	0
20	35528285	35526970	0
20	35528880	35528450	0
20	35529248	35528450	0
20	35529248	35528744	0
20	35529425	35528700	0
20	35529620	35528700	0
20	35542942	35543657	28
20	35542942	35543660	28
20	35548866	35549162	5
20	35556749	35556972	16
20	35559257	35558736	0
20	35559257	35558741	0
20	35559257	35558865	0
20	35559628	35558743	0
20	35576284	35565099	0
20	35576284	35567600	0
20	35576519	35576166	0
20	35576519	35576175	0
20	35576587	35576229	0
20	35582201	35579257	0
20	35582412	35582038	0
20	35582412	35582118	0
20	35582616	35582038	0
20	35595594	35576785	0
20	35595594	35585123	0
20	35599945	35599565	0
20	35600222	35599772	0
20	35600775	35599710	0
20	35600925	35600112	0
20	35601719	35600562	0
20	35601719	35600698	0
20	35603142	35601805	0
20	35603142	35602688	0
20	35603320	35603009	0
20	35603320	35603103	0
20	35603968	35603258	0
20	35604346	35603796	0
20	35604346	35603920	0
20	35617587	35617778	4
20	35618476	35618611	9
20	35626801	35626251	63
20	35626804	35626030	56
20	35626804	35626043	55
20	35626804	35626057	56
20	35626804	35626065	59
20	35626804	35626085	66
20	35626827	35626043	59
20	35626827	35626158	63
20	35626854	35626043	52
20	35627341	35626043	45
20	35627400	35626734	32
20	35627414	35626043	34
20	35627414	35626562	34
20	35627414	35626566	34
20	35627414	35626734	34
20	35627532	35626693	39
20	35630457	35627279	34
20	35630491	35627279	32
20	35630491	35627284	30
20	35631035	35627279	34
20	35631035	35630740	26
20	35631174	35630438	15
20	35631174	35630900	20
20	35631174	35630907	20
20	35631174	35630957	20
20	35631174	35630982	20
20	35631579	35631267	0
20	35631778	35631491	6
20	35631778	35631493	6
20	35631778	35631511	6
20	35631778	35631558	6
20	35632026	35631687	0
20	35632026	35631709	3
20	35632050	35631687	0
20	35632235	35631944	5
20	35632235	35631959	5
20	35632249	35631944	5
20	35632386	35631944	5
20	35632386	35631996	4
20	35632386	35632162	6
20	35632386	35632209	13
20	35632555	35632310	0
20	35632697	35631944	0
20	35632697	35632162	0
20	35632697	35632310	13
20	35632697	35632339	9
20	35632924	35632516	0
20	35632924	35632625	0
20	35653678	35632794	2
20	35655345	35632516	1
20	35655345	35632794	0
20	35658983	35632516	0
20	35658983	35632794	0
20	35658983	35650325	6
20	35658983	35654892	1
20	35658983	35655201	0
20	35659015	35632516	0
20	35659015	35632794	0
20	35659015	35648924	6
20	35659015	35654449	2
20	35659015	35654920	0
20	35659015	35655201	0
20	35664559	35632794	0
20	35664838	35658929	3
20	35664862	35632794	0
20	35664864	35632794	0
20	35664876	35632794	0
20	35664877	35632794	0
20	35664878	35632794	0
20	35664883	35632516	0
20	35664883	35632794	0
20	35664883	35655201	7
20	35664884	35632794	0
20	35664887	35658929	3
20	35664889	35650141	6
20	35664890	35632794	0
20	35664890	35655201	7
20	35664890	35658929	3
20	35664901	35632794	0
20	35664901	35655201	7
20	35664901	35658929	3
20	35664902	35658929	3
20	35664917	35632794	0
20	35664917	35658929	3
20	35664933	35632794	0
20	35664935	35658929	3
20	35664957	35632794	0
20	35664957	35658929	3
20	35672845	35658929	0
20	35672845	35668054	0
20	35672845	35668698	0
20	35672845	35668963	0
20	35672845	35668982	0
20	35672845	35668992	0
20	35672845	35669470	0
20	35674067	35673600	1
20	35674401	35672754	1
20	35674401	35673600	2
20	35674432	35673600	2
20	35674545	35674349	2
20	35674618	35674349	2
20	35674799	35673757	4
20	35675203	35674511	1
20	35675203	35674530	1
20	35676187	35674349	1
20	35680872	35674511	4
20	35681982	35680736	0
20	35682792	35681887	0
20	35690566	35681887	0
20	35690566	35681964	0
20	35692297	35690525	1
20	35692371	35690412	0
20	35696461	35681887	0
20	35696461	35690412	0
20	35696461	35690470	0
20	35696461	35692248	2
20	35696461	35694571	0
20	35699452	35699632	17
20	35699457	35699632	17
20	35699495	35699632	19
20	35704747	35701346	2
20	35704747	35703608	167
20	35704747	35703609	167
20	35704747	35703610	167
20	35704747	35703897	204
20	35704747	35704325	13
20	35704747	35704327	13
20	35704747	35704376	4
20	35704747	35704399	4
20	35704747	35704404	4
20	35705331	35704376	8
20	35705331	35704667	7
20	35705331	35704702	7
20	35705400	35704667	7
20	35707202	35705224	9
20	35707202	35705261	8
20	35707362	35705224	5
20	35707989	35704667	9
20	35707993	35707119	33
20	35709257	35707119	11
20	35709257	35707135	11
20	35709257	35707939	18
20	35709275	35707119	11
20	35709310	35707119	14
20	35710421	35709223	12
20	35710567	35708991	14
20	35713097	35707119	15
20	35713097	35708803	13
20	35713097	35709032	12
20	35713097	35709223	14
20	35713097	35710282	14
20	35713204	35709223	14
20	35713367	35709223	11
20	35713416	35713018	27
20	35713858	35713018	11
20	35713858	35713317	10
20	35714252	35713018	11
20	35714390	35713018	10
20	35721878	35714184	0
20	35721878	35716739	0
20	35724723	35721739	0
20	35724723	35721866	0
20	35725064	35724569	0
20	35725113	35724569	0
20	35725156	35724569	0
20	35725156	35724675	0
20	35729345	35725037	2
20	35729363	35725037	2
20	35729363	35725064	2
20	35729366	35725037	2
20	35729366	35725123	2
20	35729528	35725037	0
20	35729528	35729311	2
20	35729552	35729311	1
20	35732136	35729311	5
20	35732136	35729321	5
20	35732136	35729461	2
20	35732136	35729471	2
20	35732807	35729461	2
20	35734258	35731915	2
20	35734258	35731940	2
20	35734258	35732044	4
20	35734258	35732059	4
20	35735082	35731940	7
20	35736568	35731945	2
20	35736568	35734185	2
20	35736642	35734766	6
20	35739018	35731359	5
20	35739018	35731940	7
20	35739018	35734185	3
20	35739018	35734518	0
20	35739018	35734795	1
20	35739018	35734875	1
20	35739038	35731940	11
20	35739141	35731359	5
20	35739190	35734185	3
20	35739284	35731940	17
20	35739548	35738967	26
20	35740598	35738967	29
20	35740598	35739102	33
20	35740838	35738967	33
20	35740888	35731940	7
20	35740888	35738967	29
20	35740888	35739392	35
20	35740888	35740098	29
20	35740888	35740524	25
20	35741599	35740457	0
20	35741610	35740823	0
20	35741627	35740823	0
20	35741952	35740823	0
20	35741959	35740823	0
20	35741980	35740823	0
20	35742114	35740823	0
20	35742179	35740823	0
20	35742220	35740823	0
20	35742222	35740823	0
20	35742228	35740823	8
20	35742233	35740823	13
20	35742237	35738967	0
20	35742237	35740823	13
20	35742239	35740823	13
20	35742249	35740823	13
20	35742257	35740823	10
20	35742259	35740823	10
20	35742275	35740823	4
20	35742313	35740823	0
20	35954488	35953616	162
20	35954627	35953616	85
20	35955360	35954447	8
20	35959055	35953628	0
20	36088193	36086251	0
20	36149911	36148725	0
20	36153087	36150412	0
20	36155255	36149822	0
20	36500276	36500506	427
20	36508826	36507701	0
20	36525567	36512608	0
20	36526131	36525500	4
20	36527925	36525500	201
20	36562737	36562206	0
20	36571544	36510879	0
20	36571544	36527723	0
20	36571544	36562620	0
20	36571544	36570491	0
20	36591010	36591504	74
20	3660250	3659291	0
20	3660250	3659908	0
20	36606009	36606009	193
20	36606043	36606043	107
20	36606050	36606050	85
20	3660661	3660157	0
20	3660672	3660157	0
20	36607819	36607889	10
20	3660865	3660525	0
20	3660865	3660624	0
20	36609722	36609723	3
20	36609736	36609740	3
20	36609753	36609754	2
20	3661290	3660525	0
20	36614388	36612518	0
20	36614438	36612317	0
20	36632699	36615224	0
20	36654840	36651765	7
20	36656412	36651765	6
20	36656412	36652374	3
20	36671398	36666288	1
20	36680903	36671340	0
20	3669371	3667964	0
20	3669371	3667969	0
20	3669371	3667973	0
20	3669371	3668581	0
20	3670626	3667969	0
20	36754851	36751790	0
20	36754851	36751794	0
20	36758162	36755681	0
20	36758618	36758086	0
20	36786638	36783781	74
20	36794600	36777441	1
20	36794600	36777448	2
20	36794600	36786409	1
20	36829213	36817406	0
20	36839403	36828596	0
20	36839442	36829053	0
20	3689228	3686969	0
20	36893067	36890418	13
20	36893067	36890523	22
20	36893067	36890903	30
20	3689703	3689154	0
20	36897960	36889772	0
20	36897960	36890250	0
20	36897960	36890268	0
20	36897960	36890438	0
20	36897960	36890518	0
20	36897960	36890573	0
20	36897960	36892578	0
20	36897960	36892715	0
20	36897960	36892739	0
20	36897960	36892746	0
20	36897960	36892762	0
20	36897960	36892770	0
20	36897960	36892931	0
20	36898545	36897668	0
20	36898545	36897821	0
20	3690265	3689599	0
20	36904250	36897570	0
20	36904250	36897821	0
20	36904250	36898439	0
20	36905395	36904156	0
20	36905397	36904156	0
20	36905504	36904021	0
20	36905504	36904156	0
20	36911334	36898439	0
20	36911334	36905363	0
20	36912553	36903952	0
20	36912553	36905363	0
20	36912553	36911217	0
20	3691601	3686969	0
20	3691601	3689961	0
20	36916831	36911217	0
20	36916831	36912247	0
20	36916831	36912347	0
20	36916831	36912460	0
20	36917050	36916530	0
20	36917050	36916721	0
20	36917097	36916721	0
20	36917097	36916722	0
20	36919520	36912460	0
20	36919520	36916721	0
20	36927191	36919363	0
20	36927253	36919363	0
20	36930876	36926951	0
20	36930876	36927181	0
20	36931050	36930759	0
20	36935190	36930759	0
20	36935190	36930798	0
20	36935404	36935028	0
20	36941112	36930759	0
20	36941112	36935028	0
20	36941112	36935080	0
20	36941112	36935340	0
20	36946781	36941038	0
20	36946805	36940164	0
20	36946805	36941038	0
20	36947060	36946737	0
20	36951522	36946737	0
20	36951570	36946737	0
20	36951580	36946408	0
20	36951644	36946737	0
20	36951671	36946737	0
20	36951672	36946737	0
20	36951682	36946737	0
20	36951706	36946737	0
20	36951708	36946737	0
20	36951709	36946737	0
20	36951715	36946737	0
20	36951844	36946737	0
20	36951902	36946737	0
20	37003867	36996348	3
20	37007560	37003573	0
20	37007560	37003701	0
20	37022827	37020658	0
20	37055657	37047052	0
20	37056259	37055552	0
20	37061270	37056145	0
20	37061270	37056159	0
20	37068187	37067232	0
20	37082030	37068086	0
20	37089123	37067985	0
20	37095990	37088988	0
20	37095996	37088988	0
20	37102836	37101225	0
20	37102836	37101226	0
20	37102880	37101229	0
20	37129168	37123608	0
20	37137971	37128820	0
20	37137971	37129031	0
20	37159037	37157859	0
20	37160177	37158891	0
20	37160177	37158970	0
20	37160177	37159000	0
20	37168244	37160096	0
20	37179481	37179222	0
20	37254330	37251081	0
20	37254330	37251085	0
20	37254330	37251159	0
20	37393994	37394173	0
20	37401679	37401829	5
20	37495693	37492471	0
20	37495763	37492533	0
20	37509213	37502413	3
20	37509232	37495584	3
20	37519351	37509103	0
20	37520304	37518852	6
20	37520590	37518911	6
20	37521410	37518939	7
20	37521452	37517417	1
20	37521452	37518988	7
20	37521694	37519153	3
20	37524552	37518892	5
20	37527724	37518815	9
20	37527733	37517416	2
20	37527863	37519231	5
20	37527876	37517416	0
20	37527879	37521318	1
20	37527932	37517416	0
20	37527932	37521318	3
20	3754520	3753507	10
20	3755608	3753507	2
20	37622201	37619297	0
20	3778545	3777503	0
20	3778991	3777503	0
20	37996463	37983006	2
20	37996463	37983021	2
20	37996954	37996374	9
20	38006398	38002627	0
20	38012539	38011807	124
20	38013858	38006196	2
20	38013904	38006196	2
20	38019145	38011514	0
20	3802809	3802909	9
20	38033469	38011514	0
20	38131230	38127386	2
20	38131230	38128460	2
20	38138386	38132339	1
20	38139655	38137949	0
20	38139655	38138112	0
20	38146895	38142063	0
20	38148090	38145349	0
20	38148090	38146716	0
20	38148090	38146733	0
20	38151058	38147960	0
20	38156090	38150938	0
20	38156090	38151011	0
20	38217006	38212471	0
20	38217475	38210487	0
20	38217475	38212471	0
20	38218106	38212475	0
20	38218184	38216859	0
20	38218367	38217252	0
20	38225782	38223537	0
20	38227220	38223537	0
20	38227241	38225548	0
20	38227241	38225664	0
20	38239600	38236805	0
20	38239726	38231201	0
20	38289747	38288330	0
20	38326537	38289580	0
20	38416798	38406010	11
20	38421099	38420587	29
20	38421099	38420591	29
20	38421099	38420592	29
20	38422242	38420592	29
20	38422242	38421005	27
20	38426049	38421005	17
20	38426049	38422191	30
20	38426053	38421005	17
20	38426504	38421005	16
20	38426504	38422091	25
20	38426504	38425934	9
20	38427767	38426418	13
20	38429331	38426418	27
20	38431067	38426418	22
20	38431113	38426418	25
20	38431113	38426459	30
20	38431113	38427679	24
20	38434627	38430779	4
20	38434627	38431040	2
20	38435354	38431040	1
20	38446853	38447465	14
20	38447013	38447465	5
20	38447624	38447929	2
20	38447624	38448661	3
20	38447624	38448665	3
20	38448094	38448661	3
20	38450448	38450532	27
20	38450448	38450779	25
20	38574941	38575872	46
20	38649817	38650341	0
20	3888869	3888238	1
20	39215663	39213776	0
20	3923401	3921278	10
20	3935074	3927308	18
20	3935074	3931420	16
20	3935074	3931423	16
20	3935074	3933566	1
20	40698617	40696498	0
20	4072665	4070151	0
20	41100793	41098328	0
20	41133646	41101171	0
20	41162993	41163202	3
20	41163276	41163377	0
20	41174968	41175752	49
20	41180665	41182930	19
20	41201385	41178447	2
20	41202397	41184819	4
20	41205067	41178447	2
20	41205067	41182113	6
20	41205067	41182114	6
20	41205067	41184367	0
20	41205067	41184820	0
20	41205067	41184826	0
20	41205067	41184915	3
20	41213900	41202056	0
20	41213900	41202282	0
20	41213900	41204647	0
20	41238797	41204244	0
20	41238797	41204773	0
20	41238797	41213733	0
20	41239705	41238687	0
20	41239705	41238726	0
20	41254636	41202056	0
20	41254636	41238687	0
20	41267613	41213757	0
20	41269084	41202056	0
20	41269084	41204561	0
20	41269084	41204627	0
20	41269084	41204777	0
20	41269084	41213733	0
20	41269084	41238687	0
20	41269084	41239597	0
20	41269084	41254587	0
20	41269084	41267462	0
20	41269486	41268989	0
20	41272246	41268989	0
20	41272259	41268989	0
20	41272274	41268989	0
20	41300075	41268989	0
20	41300079	41202056	0
20	41300079	41254587	0
20	41300079	41267462	0
20	41300079	41268978	0
20	41300079	41268989	0
20	41300088	41268989	0
20	41300091	41268978	0
20	41300095	41268989	0
20	41300118	41268980	0
20	41300127	41268989	0
20	41300128	41268989	0
20	41317187	41204244	0
20	41317598	41268989	0
20	41317603	41268978	0
20	41317673	41268989	0
20	41358035	41358236	0
20	41363862	41359965	0
20	41412264	41402100	0
20	41412264	41404522	0
20	41426154	41425177	0
20	41437333	41426141	0
20	41437335	41426092	0
20	41440130	41437261	0
20	41440130	41437273	0
20	41461945	41459353	0
20	41473518	41457263	0
20	41483520	41473022	0
20	41483520	41473321	0
20	41487809	41484351	0
20	41488605	41451825	0
20	41497502	41493857	0
20	41498227	41496808	0
20	41498227	41497383	0
20	41499318	41498167	0
20	41499358	41496808	0
20	41499358	41498167	0
20	41514953	41512845	0
20	41533286	41514804	0
20	41533571	41514804	0
20	41533571	41514919	0
20	41551361	41533049	0
20	41551361	41533155	0
20	41564152	41533049	0
20	41618385	41533049	0
20	4182324	4182482	15
20	42014677	42014033	0
20	42082018	42072751	0
20	42082018	42072773	0
20	42082018	42080878	0
20	4222382	4221680	0
20	4249075	4220630	0
20	42678160	42472265	0
20	42756637	42677865	0
20	428590	428950	1
20	42885933	42791194	0
20	42966420	42885841	0
20	43189734	42885806	0
20	43189843	42885806	0
20	43189918	42885806	0
20	43189970	42885806	0
20	43189971	42885806	0
20	43515160	43515291	0
20	43515160	43515918	0
20	43515160	43516092	0
20	43515416	43515918	0
20	43515416	43516092	0
20	43516178	43518606	0
20	43528746	43529202	0
20	43528746	43529263	0
20	43530420	43530797	2
20	43530420	43532772	0
20	43530890	43532772	0
20	43534094	43534264	0
20	43534094	43534283	0
20	43534395	43534827	0
20	43536295	43536408	0
20	43540816	43540933	0
20	43550950	43549388	0
20	43566371	43566472	0
20	43726698	43726163	0
20	437599	435479	31
20	438842	437439	30
20	439296	435479	31
20	439296	436282	26
20	439296	438549	2
20	44114877	44111694	0
20	44187094	44176816	0
20	44187579	44159617	0
20	44203075	44196495	5
20	44279136	44279582	0
20	44279622	44279719	0
20	44311170	44302837	2
20	4431674	4431160	0
20	44350857	44347551	0
20	44351951	44350619	0
20	44352103	44350706	0
20	44384672	44372745	0
20	44384673	44377742	0
20	44391538	44389623	0
20	44392111	44384522	0
20	44450091	44436171	0
20	44450091	44448776	0
20	44452174	44448800	0
20	44462283	44451983	0
20	44462283	44452022	0
20	44465329	44462223	0
20	44465345	44461762	0
20	44465350	44462223	0
20	44500435	44496220	92
20	44500435	44496223	92
20	44501301	44497430	11
20	44501301	44500257	11
20	44514041	44512800	0
20	44519415	44513892	0
20	44522086	44513878	0
20	44522110	44513878	0
20	44620402	44619521	0
20	44620402	44619578	3
20	44620402	44619809	1
20	44621148	44619521	0
20	44624330	44622587	0
20	44624330	44622828	0
20	44624330	44623006	0
20	44625685	44624201	2
20	44626492	44625568	2
20	44626600	44625568	2
20	44629170	44623006	0
20	44629170	44626322	1
20	44629170	44626455	1
20	44629170	44626516	0
20	44636289	44629046	0
20	44651662	44636226	0
20	44651682	44636226	0
20	44651692	44636226	0
20	44651743	44636226	0
20	44652115	44636226	0
20	44652234	44636070	0
20	44659182	44656450	0
20	44695508	44663204	0
20	44696085	44695075	0
20	44696097	44695390	0
20	44715162	44715365	0
20	44716794	44694891	0
20	44716794	44711861	0
20	44737571	44716624	0
20	44738897	44716624	0
20	44738935	44695201	0
20	44757038	44751807	0
20	44757038	44755910	0
20	44885887	44886878	0
20	44885887	44887544	2
20	44885887	44887647	6
20	44886979	44887647	2
20	44901834	44902897	5
20	44901834	44903035	3
20	44901834	44903992	5
20	44903122	44903992	7
20	44905132	44906000	4
20	44932433	44933071	104
20	44932714	44933071	86
20	44936731	44936893	16
20	44943580	44942129	17
20	44960487	44956385	0
20	44965449	44963799	0
20	44965618	44965402	0
20	44965686	44963793	0
20	45098696	45092309	0
20	45098696	45094364	0
20	45110541	45109451	0
20	45110776	45109451	0
20	45124266	45123424	0
20	45138675	45137705	0
20	45138898	45138517	0
20	45138977	45138516	0
20	45253152	45252238	0
20	45294016	45293444	0
20	45294016	45293449	0
20	45294016	45293766	0
20	45308530	45308174	0
20	45330565	45325287	3
20	45348425	45335781	0
20	45375553	45372562	8
20	45377343	45375038	15
20	45377343	45375476	14
20	45377614	45377196	4
20	45377614	45377211	4
20	45404308	45377538	0
20	45405821	45404075	2
20	45405821	45404252	2
20	45405995	45404252	2
20	45416655	45418771	4
20	45416655	45418851	4
20	45416665	45418851	4
20	45416695	45418771	3
20	45416695	45418851	4
20	45418536	45418851	4
20	45418562	45418851	4
20	45418980	45419294	1
20	45420694	45421382	3
20	45424382	45424460	11
20	45424382	45424495	11
20	45447817	45448243	0
20	45448326	45435271	0
20	45479770	45479941	0
20	45515625	45512460	0
20	45538095	45534195	0
20	45538095	45535157	0
20	45538095	45536985	0
20	45542758	45541832	0
20	45542868	45537963	0
20	45542868	45540625	0
20	45542868	45541844	0
20	45545771	45542699	0
20	45546378	45542699	0
20	45547358	45541844	0
20	45547425	45545638	0
20	45547427	45545638	0
20	45547753	45545638	0
20	45552166	45551152	0
20	45553277	45551761	0
20	45553277	45552022	0
20	45562220	45558851	0
20	45579327	45562109	0
20	45608811	45607938	0
20	45631269	45614627	0
20	45649400	45648562	0
20	45649400	45648563	0
20	45686057	45684652	0
20	45704562	45684652	0
20	45705020	45704496	0
20	45758432	45747943	0
20	45774445	45758391	0
20	45775603	45774207	0
20	45775603	45774212	0
20	45775603	45774304	1
20	45775603	45774399	1
20	45777207	45775416	0
20	45777210	45775416	0
20	45777210	45775510	0
20	45779894	45775416	0
20	45787983	45775416	0
20	45787983	45777074	0
20	45789060	45775416	0
20	45789060	45777074	0
20	45789060	45787835	0
20	45789946	45788930	0
20	45789983	45788930	0
20	45790051	45788930	0
20	45790073	45775416	0
20	45791869	45788210	0
20	45791876	45788930	0
20	45791882	45775416	0
20	45791901	45788930	0
20	45791904	45775416	0
20	45791904	45777074	0
20	45791904	45787835	0
20	45791904	45788930	0
20	45791916	45788930	0
20	45791933	45787835	0
20	45824128	45823213	0
20	45833941	45834200	0
20	45834019	45834200	2
20	45840781	45842032	32
20	45843722	45841720	21
20	45843722	45841737	20
20	45843722	45842746	11
20	45843773	45841725	15
20	45844421	45841764	8
20	45844421	45843526	0
20	45848676	45842022	3
20	45848676	45843722	1
20	45848676	45844262	3
20	45849111	45842022	1
20	45853980	45848532	2
20	45853985	45848449	2
20	45855285	45848449	2
20	45855293	45848449	2
20	45855293	45853419	2
20	45855293	45853421	2
20	45855293	45853922	2
20	45857370	45844262	0
20	45857372	45848449	5
20	45857403	45848449	1
20	45884399	45884984	11
20	45887636	45886488	2
20	45890477	45888624	2
20	45891288	45888633	0
20	45891380	45891568	2
20	45891426	45891568	2
20	45891450	45891568	2
20	45891763	45891915	0
20	45892324	45892397	7
20	45892881	45893219	11
20	45892888	45893219	11
20	45893420	45892693	5
20	45897041	45897716	3
20	45897807	45897907	13
20	45897807	45898004	13
20	45899539	45898620	0
20	45899539	45898759	0
20	45899539	45898762	0
20	45899539	45898805	0
20	45947439	45947523	7
20	45949252	45948652	4
20	45962183	45960863	0
20	45963651	45962069	0
20	45964517	45961505	1
20	45965775	45963737	1
20	45967635	45965627	0
20	45967635	45965692	0
20	45968028	45967493	0
20	45968859	45966866	0
20	45976076	45975248	0
20	46013535	46013656	0
20	46013797	46014123	0
20	46014275	46014370	0
20	46019849	46013499	0
20	46021728	46020618	0
20	46022074	46019730	0
20	46035043	46035373	0
20	46035043	46035403	0
20	46063681	46060984	9
20	46067182	46065028	0
20	46068639	46067054	0
20	46171238	46168403	0
20	46178198	46173732	0
20	46178198	46173733	0
20	46210561	46199422	0
20	46213189	46209820	0
20	46213189	46210306	0
20	462532	447888	0
20	462544	447888	0
20	462554	447888	0
20	46350891	46345979	5
20	46350891	46349527	15
20	46350891	46349529	15
20	46352227	46350354	8
20	46352227	46350760	5
20	46352227	46350770	5
20	46353198	46349527	8
20	46354966	46352050	4
20	46354966	46352122	12
20	46354966	46352149	11
20	46354966	46352163	11
20	46355179	46354881	6
20	46355196	46354881	6
20	46355242	46354881	19
20	46355280	46354881	17
20	46355875	46354881	17
20	46355875	46355072	10
20	46356638	46355072	14
20	46356638	46355103	23
20	46358507	46357622	10
20	46358559	46357622	9
20	46358764	46356573	17
20	46358764	46357622	23
20	46358764	46358386	118
20	46358765	46357622	23
20	46358959	46357622	23
20	46363175	46358386	9
20	46364362	46358426	6
20	46364382	46358386	9
20	46364391	46358386	6
20	46364396	46358386	6
20	46364402	46358386	6
20	46364405	46358386	6
20	46364459	46358690	11
20	46368969	46366048	2
20	46368969	46366049	2
20	46368969	46366053	2
20	46368969	46366054	2
20	46368969	46367359	2
20	46370514	46368890	0
20	46370526	46366049	0
20	46370526	46368890	0
20	46371460	46368890	0
20	46371460	46370442	0
20	46373496	46371805	0
20	46373516	46371805	0
20	46373536	46371805	0
20	46374441	46372834	0
20	46374441	46373240	0
20	46374441	46373398	0
20	46374641	46374331	0
20	46374641	46374350	0
20	46374641	46374437	0
20	46375371	46374535	0
20	46375772	46375235	0
20	46375791	46375235	0
20	46375791	46375285	0
20	46380304	46375667	2
20	46383495	46379918	0
20	46383495	46380252	0
20	46386165	46383415	0
20	46386166	46383415	0
20	46386276	46383415	0
20	46386276	46383467	0
20	46387432	46386123	0
20	46387438	46386123	0
20	46389221	46386123	0
20	46389221	46387337	0
20	46389221	46387426	0
20	46389221	46387504	0
20	46393144	46389038	0
20	46432986	46398696	0
20	46457504	46414227	0
20	46457915	46455894	0
20	46459277	46457596	0
20	46459623	46455032	0
20	46474689	46456598	0
20	46474689	46459218	0
20	46474689	46463718	0
20	46492918	46485528	0
20	46504307	46499629	0
20	46504307	46499631	0
20	46504307	46501061	0
20	46504307	46501087	0
20	46504307	46502704	0
20	46504360	46501067	0
20	46546330	46540945	0
20	46563552	46557822	0
20	46563552	46557832	0
20	46563552	46558428	0
20	46563552	46559710	0
20	46563552	46559993	0
20	46566391	46563413	0
20	46575686	46566228	0
20	46575686	46566355	0
20	46583670	46575572	0
20	46588092	46582910	0
20	46588164	46583571	0
20	46588164	46585347	0
20	46589256	46583571	0
20	46589256	46588058	0
20	46589256	46588142	0
20	46610610	46596156	0
20	46610610	46599970	0
20	46610610	46608708	0
20	46684468	46613459	0
20	46689441	46685533	29
20	46689780	46684364	3
20	46901727	46901142	0
20	47212726	47209213	12
20	47212726	47210412	21
20	47212726	47210439	20
20	47212726	47210760	19
20	47220325	47209213	2
20	47220325	47210246	14
20	47220325	47210440	9
20	47220325	47210760	8
20	47239139	47236325	1
20	47246518	47209213	0
20	47246518	47236325	2
20	47246518	47237309	6
20	47246518	47238757	0
20	47246518	47238895	0
20	47291889	47290186	0
20	47294780	47291795	0
20	47298873	47291795	0
20	47310205	47294665	0
20	47310205	47298728	0
20	47319062	47310055	0
20	47347927	47310055	0
20	47347927	47310102	0
20	47347927	47310156	0
20	47349989	47347855	0
20	47351878	47347855	0
20	47355521	47347855	0
20	47355521	47349860	0
20	47355658	47347855	0
20	47356415	47347855	0
20	47356671	47347855	0
20	47356698	47347855	1
20	47356700	47347855	1
20	47356707	47347855	1
20	47356721	47347855	1
20	47356890	47347855	0
20	4736674	4735668	0
20	47397346	47391928	0
20	4740669	4731281	0
20	47479011	47478213	0
20	47631439	47630265	0
20	47657568	47656347	7
20	47659453	47656911	0
20	47659453	47657405	4
20	47659453	47657667	1
20	47659731	47657405	1
20	47659731	47657434	1
20	47661897	47659398	1
20	47661897	47659696	1
20	47661897	47661433	2
20	47672394	47666259	0
20	47676624	47672197	0
20	47676693	47672194	0
20	47683170	47678675	0
20	47684582	47682993	0
20	47690296	47684430	0
20	47702671	47684513	0
20	47702671	47689547	0
20	47702671	47690125	0
20	47736943	47702518	0
20	47736944	47706512	0
20	47757332	47702518	0
20	4786329	4780022	0
20	4786329	4780025	0
20	47988745	47980487	0
20	48384896	48383322	0
20	484077	472507	5
20	484077	473260	4
20	4859385	4852355	1
20	4862086	4859288	0
20	4862086	4859366	0
20	48627616	48624251	6
20	48642259	48639765	0
20	48642490	48642167	0
20	48642739	48642112	0
20	486463	472497	3
20	486463	473336	8
20	486463	478464	3
20	486463	481109	6
20	486463	481124	8
20	486463	481146	8
20	486463	481149	8
20	486463	481154	9
20	486463	481191	11
20	486463	481622	12
20	486463	482710	0
20	486463	482714	0
20	486463	482721	0
20	486463	482723	0
20	486463	482731	0
20	486463	482735	0
20	486463	482741	0
20	486463	482747	0
20	486463	482776	0
20	486463	482781	0
20	486463	482856	0
20	486463	482864	0
20	486463	482886	0
20	486463	482921	0
20	486463	483389	0
20	486463	483764	0
20	486463	483790	0
20	486463	483927	0
20	48692791	48690946	0
20	4870054	4867769	1
20	48700887	48692671	0
20	4874093	4869587	0
20	4874093	4869905	0
20	4874697	4873876	0
20	4874697	4873935	0
20	487576	481146	1
20	48827884	48747808	0
20	48849459	48821687	0
20	488779	481146	2
20	489882	486375	0
20	489882	487426	0
20	489882	488677	0
20	49043373	49040462	0
20	49046045	49040462	0
20	49115868	49113338	8
20	49115868	49113340	8
20	49115868	49113522	7
20	49124588	49119981	1
20	49124588	49123091	0
20	49124606	49123091	0
20	49135932	49123091	0
20	49135932	49124374	0
20	49151748	49135832	0
20	49154069	49151581	0
20	49154072	49151581	0
20	49233710	49234934	14
20	49235089	49236149	21
20	49236232	49236332	3
20	492365	489502	1
20	492365	489779	0
20	49239056	49239235	0
20	49241924	49237945	0
20	49241924	49238942	0
20	49243704	49243815	0
20	49244753	49241809	3
20	49251623	49241809	1
20	49251623	49245896	9
20	49251623	49245899	9
20	49255948	49254494	3
20	49257665	49255807	2
20	49257665	49255932	2
20	492718	489779	0
20	49280571	49280902	50
20	49299384	49298106	0
20	49372951	49293393	0
20	49373104	49310512	0
20	49387006	49374799	0
20	49482001	49451332	0
20	49482001	49476360	0
20	49482010	49299314	0
20	49482647	49371967	0
20	49482677	49363876	0
20	49483335	49482570	0
20	49484298	49481913	0
20	49511180	49503873	0
20	49511180	49507900	0
20	495803	489779	0
20	495803	492253	0
20	495803	492338	2
20	49637443	49632944	0
20	496729	492253	0
20	497781	489779	0
20	497781	492253	0
20	497781	494130	0
20	497781	495718	0
20	497781	495731	0
20	497781	495796	0
20	498166	494224	0
20	498197	495718	0
20	49908593	49903390	6
20	49908593	49903393	6
20	499306	497720	0
20	499306	497746	0
20	499574	499254	4
20	499631	499254	4
20	499935	492253	0
20	499935	495718	0
20	499935	497720	0
20	499935	499254	0
20	499935	499524	0
20	500116	499832	0
20	500172	499832	0
20	50041505	50040715	0
20	500610	499254	0
20	500775	499254	0
20	50084255	50081123	16
20	50084255	50082559	16
20	50084255	50082767	16
20	50084255	50082795	16
20	50084255	50082856	16
20	50084385	50084128	14
20	50096535	50084128	6
20	50096535	50094914	6
20	50096821	50081123	0
20	50096821	50083877	1
20	50096821	50084126	3
20	50096821	50084128	3
20	50096821	50084147	3
20	50096821	50094943	3
20	50096821	50095789	3
20	50096821	50096058	6
20	50113147	50083731	4
20	50113173	50084128	0
20	50115622	50081123	0
20	50115622	50084128	2
20	50115622	50096671	1
20	50115950	50096671	0
20	50115955	50081123	0
20	50115955	50084128	0
20	50115955	50096671	0
20	50115958	50096671	0
20	50115960	50114944	1
20	50128188	50096671	2
20	50128188	50118253	5
20	50128188	50123736	4
20	50128188	50123769	4
20	50128188	50124043	6
20	50128188	50124968	6
20	50166102	50162764	0
20	50166103	50163463	0
20	50187128	50184597	0
20	50191499	50189997	95
20	50314357	50310710	7
20	50321343	50312913	0
20	503282	500030	0
20	505230	497720	0
20	505230	498357	2
20	505230	499254	2
20	505230	499832	2
20	505230	499869	2
20	505230	499923	2
20	505230	500030	2
20	505230	500760	1
20	505230	503064	2
20	505230	503306	1
20	505236	498454	2
20	50578042	50570974	0
20	50587893	50586107	0
20	50587893	50586111	0
20	50587893	50586664	0
20	50589770	50587801	0
20	50590013	50587801	0
20	50592547	50589685	0
20	50592547	50589716	0
20	50593197	50592343	0
20	50593197	50592537	0
20	50597610	50596139	0
20	50597711	50596139	0
20	50602645	50596977	0
20	50602645	50597579	0
20	50616081	50611180	0
20	50630857	50619985	0
20	5067370	5066081	0
20	50691529	50630737	0
20	5069350	5068231	0
20	508499	505117	0
20	508606	505117	0
20	508622	505117	0
20	508661	504165	0
20	508661	505117	0
20	50902110	50888915	4
20	50902110	50888918	4
20	50902110	50889047	4
20	50902110	50890335	4
20	50902110	50890348	4
20	50902110	50890371	4
20	50902110	50894062	4
20	50902110	50894195	4
20	50928733	50903888	0
20	50928736	50902016	0
20	50928817	50904765	3
20	50928826	50903888	0
20	50928826	50904765	2
20	50931365	50902016	2
20	50931422	50903888	1
20	50936263	50934866	8
20	50936263	50934895	7
20	50936263	50934944	10
20	50940934	50936147	3
20	50940956	50936147	3
20	50941210	50936147	2
20	50942127	50936147	2
20	50945763	50940864	9
20	50945763	50941128	11
20	50945763	50942030	4
20	51008041	51003656	9
20	51010365	51003655	9
20	51012417	51009564	11
20	51012417	51009796	11
20	51012417	51010048	3
20	51012417	51010194	2
20	51023130	51009564	16
20	510339	508450	0
20	5106311	5068482	0
20	5106311	5069186	0
20	5106311	5099839	2
20	5109446	5106187	0
20	5115573	5114952	18
20	5126627	5119577	0
20	51398731	51386956	0
20	51398731	51391227	3
20	51399220	51391408	6
20	51432757	51386956	1
20	51432757	51388625	2
20	51454689	51435705	0
20	51605021	51596513	0
20	51725933	51712965	0
20	51729979	51725818	0
20	51768329	51729833	0
20	51768635	51729833	0
20	51789142	51782330	0
20	51789142	51784045	0
20	51789142	51784264	0
20	51792353	51788860	0
20	51792927	51791982	0
20	51793079	51792067	0
20	51802476	51791332	0
20	51802510	51788860	0
20	51802521	51790021	1
20	51842750	51831796	0
20	52088644	52051662	0
20	52088644	52084010	0
20	52088644	52084968	0
20	52088644	52085240	0
20	52097436	52088264	0
20	52097436	52088391	0
20	52097436	52088959	0
20	52097436	52096807	0
20	52160375	52098437	0
20	52160375	52151277	0
20	52164758	52160122	0
20	52164758	52160260	2
20	52452528	52451463	0
20	52500592	52487921	0
20	526943	508450	0
20	528050	505117	0
20	528050	508450	0
20	52862856	52858337	0
20	5314370	5302039	0
20	53179551	53168642	0
20	53196534	53196228	0
20	53273382	53255978	0
20	53401235	53397660	0
20	53455441	53453057	0
20	53487275	53273375	0
20	53487333	53490865	0
20	53504315	53461468	0
20	53571854	53567064	11
20	53571854	53567072	9
20	53576028	53568819	5
20	53577281	53571720	5
20	53578451	53575726	0
20	53583098	53578333	2
20	53583169	53578333	2
20	53593840	53581460	0
20	53597704	53582924	0
20	53608445	53582541	0
20	53801319	53799822	0
20	53940599	53941284	0
20	53944997	53936776	0
20	53953696	53943540	0
20	53953696	53944782	0
20	53953696	53944925	0
20	539825	508450	0
20	540010	508450	0
20	54070546	54058646	0
20	54070595	54058646	0
20	541100	508450	0
20	54157290	54153448	0
20	54157290	54153961	0
20	54157290	54154712	0
20	54157299	54154369	0
20	54162863	54158956	0
20	54164549	54162579	0
20	54164564	54162716	0
20	54173100	54171576	0
20	54173417	54172799	0
20	54173650	54172908	0
20	54173974	54172908	0
20	5428539	5426894	0
20	5432490	5428628	0
20	5432604	5431991	0
20	5434093	5431991	0
20	5434406	5433788	0
20	5434406	5433872	0
20	543697	508450	0
20	543705	508450	0
20	543713	505117	0
20	543713	508450	0
20	543719	508450	0
20	5437274	5434171	0
20	5437274	5434270	0
20	5437274	5434284	0
20	543728	505117	0
20	543728	508450	0
20	543729	505910	0
20	543730	508450	0
20	543731	508450	0
20	543733	505117	0
20	543733	508450	0
20	543736	505117	0
20	543751	508450	0
20	543760	508450	0
20	543768	508450	0
20	543782	508450	0
20	543791	508450	0
20	543793	505117	0
20	543817	508450	0
20	543836	508450	0
20	5445747	5434171	0
20	5503084	5501695	0
20	5504614	5496066	0
20	5508329	5507874	0
20	55423611	55420335	0
20	55426071	55426385	0
20	55427198	55423476	0
20	5548382	5547340	1
20	5558106	5544403	0
20	5558106	5544438	0
20	5558820	5557944	0
20	5560077	5558683	0
20	5560077	5558810	0
20	5565079	5558683	0
20	5567561	5566732	0
20	5567843	5567482	0
20	5570240	5565016	0
20	5570240	5567482	0
20	5570240	5567520	0
20	5575979	5575412	0
20	5578612	5575815	0
20	5578612	5575899	0
20	56000848	55997439	0
20	56299161	56295966	0
20	56370660	56369388	26
20	56370660	56369389	26
20	56373557	56369664	15
20	56373557	56370484	4
20	56381572	56373407	2
20	56381572	56373447	2
20	56383177	56381432	0
20	56384325	56382984	2
20	56384325	56383110	1
20	56386534	56384269	1
20	56388203	56386256	0
20	56388203	56386336	0
20	56495298	56491491	0
20	56516990	56517105	11
20	56525926	56514084	1
20	56701515	56700836	0
20	57173311	57168747	0
20	57173311	57170530	0
20	57173311	57171038	0
20	57173590	57170916	0
20	57175008	57172995	0
20	57175008	57173199	0
20	57175008	57173219	0
20	57183920	57174930	0
20	57183920	57177695	0
20	57202624	57174930	0
20	57202624	57183721	0
20	57224686	57202474	0
20	57224841	57202473	0
20	57225963	57202474	0
20	57228422	57202473	0
20	57228422	57202474	0
20	57351571	57351890	0
20	57373582	57373662	7
20	57393063	57384159	0
20	57498702	57495965	0
20	57503602	57497163	0
20	57503602	57497167	0
20	57503602	57498553	0
20	57503602	57499553	0
20	57508705	57503435	0
20	57508789	57503435	0
20	57508789	57506741	0
20	57514742	57512591	0
20	57514742	57513235	0
20	57515835	57508605	0
20	57515835	57512591	0
20	57515835	57514591	0
20	57518892	57508605	0
20	57518892	57514591	0
20	57518892	57515464	0
20	57518892	57515713	0
20	57519378	57518494	0
20	57519378	57518757	0
20	57561204	57561371	0
20	57561636	57562070	0
20	57562253	57562695	0
20	57562900	57563027	0
20	57563216	57563564	0
20	57563728	57564168	0
20	57564394	57564481	0
20	57564614	57565039	0
20	57601201	57599694	3
20	57610266	57607060	0
20	57610368	57603845	0
20	57610368	57604054	0
20	57613331	57611726	0
20	57615061	57612890	0
20	57615061	57613162	0
20	57615581	57614886	0
20	57615581	57614903	0
20	57615581	57615025	0
20	57615581	57615123	0
20	57616469	57614886	0
20	57618082	57614886	0
20	57653087	57648391	131
20	57653087	57648393	135
20	57653087	57652036	5
20	57653087	57652207	5
20	57653087	57652406	1
20	57659698	57653032	6
20	57690625	57659542	0
20	57691831	57659542	0
20	57700187	57659542	0
20	57709903	57659542	2
20	57710570	57659542	0
20	57710590	57659542	0
20	57710615	57711261	3
20	57711537	57659542	0
20	57711537	57659549	0
20	57959661	57957125	0
20	58072061	58069053	0
20	58072071	58069053	0
20	58221504	58218494	0
20	58232830	58231788	5
20	58232923	58228939	5
20	58235375	58232687	1
20	58235375	58232776	1
20	58235888	58232803	2
20	58238312	58236153	0
20	58239403	58237918	1
20	58239403	58238210	2
20	58239846	58239240	0
20	58240549	58239659	0
20	58240611	58239659	0
20	58240711	58239754	0
20	58243706	58240514	0
20	58246245	58243511	0
20	58246253	58243511	0
20	58247507	58242369	0
20	58247507	58245745	0
20	58247507	58245782	1
20	58248274	58245782	1
20	58248274	58247055	0
20	58248274	58247321	0
20	58439026	58440906	1
20	58461981	58461124	0
20	58467659	58459100	0
20	58470748	58467105	0
20	58470748	58467639	0
20	58523807	58524630	0
20	58651407	58652072	60
20	58651415	58652072	62
20	58651435	58652072	70
20	58651532	58652072	57
20	58712580	58713419	14
20	58713544	58713916	6
20	58714094	58714559	2
20	58714671	58715167	17
20	58741337	58740531	0
20	58762967	58749358	0
20	58826138	58819077	6
20	58826138	58824026	3
20	58836530	58833808	0
20	58840176	58826024	5
20	58840845	58826735	1
20	58842230	58818918	1
20	58842546	58841936	0
20	58848918	58826024	0
20	58848918	58842432	0
20	58850879	58848878	0
20	58850904	58848878	0
20	58855645	58856146	0
20	58867573	58863527	0
20	58881799	58867485	0
20	58883030	58881735	0
20	58883030	58881749	0
20	58885016	58882916	0
20	58888793	58882916	0
20	58888810	58884846	0
20	58889354	58889525	0
20	58909424	58909520	15
20	58909580	58909683	16
20	58910082	58910333	11
20	58945158	58915999	0
20	58948854	58944988	0
20	58986209	58986753	1
20	58989022	58989487	21
20	58990233	58990909	43
20	58991076	58991311	18
20	58991447	58991880	28
20	58993113	58993448	19
20	58993676	58994109	71
20	58993765	58994109	77
20	58994825	58994925	533
20	58996802	58995184	10
20	58997754	58996586	8
20	58997754	58996638	8
20	59001645	58997391	2
20	59001645	58997602	5
20	59006427	59001464	4
20	59006486	59001464	3
20	59007106	59006041	5
20	59007231	59006321	3
20	59007248	59006321	3
20	59030430	59025466	8
20	59030430	59025972	10
20	59032293	59030302	7
20	59032346	59028677	9
20	59032383	59030302	5
20	59036574	59033144	4
20	59036574	59034633	6
20	59036574	59034908	4
20	59038635	59036689	3
20	59038635	59037190	3
20	59042733	59038465	6
20	59042806	59038465	8
20	59042810	59038133	5
20	59042910	59038465	6
20	59324475	59324695	0
20	59357775	59352194	0
20	59364774	59360926	0
20	5941140	5937234	0
20	5941140	5937832	0
20	5942037	5937832	2
20	5942787	5941052	3
20	5942787	5941950	4
20	5943684	5942427	0
20	5943684	5942674	0
20	59628280	59626463	0
20	59628290	59626480	0
20	59865445	59863562	0
20	59865445	59863563	0
20	59865445	59864336	0
20	59877556	59875270	0
20	59878046	59877384	0
20	59878046	59877463	0
20	59880472	59878007	0
20	59881024	59880302	0
20	59881024	59880318	0
20	59900819	59900137	0
20	59901811	59900743	0
20	59901811	59900776	0
20	59911846	59907363	0
20	59912227	59907363	0
20	59912419	59911749	0
20	59912419	59911768	0
20	59919598	59919157	0
20	59920488	59919316	0
20	59920488	59919492	0
20	59920488	59919536	0
20	5993925	5990942	0
20	6000676	5993793	15
20	6001398	6000520	0
20	6005822	6001275	0
20	6044681	6040777	0
20	6079578	6074844	0
20	6079578	6076021	0
20	610399	603796	0
20	61077817	61077223	0
20	6112624	6107531	0
20	6112624	6110297	0
20	6116045	6112476	0
20	6116045	6112568	0
20	61437368	61434624	0
20	61437542	61436498	0
20	61437548	61435638	0
20	61719749	61717505	0
20	61740888	61738862	0
20	61755057	61738218	0
20	61979302	61975858	6
20	61997670	61953468	0
20	61997670	61974797	1
20	61997670	61975356	2
20	62000722	62000123	0
20	62003275	62000551	2
20	62003275	62000567	4
20	62006759	62003730	6
20	62007562	62006545	0
20	62007637	62006509	0
20	62009175	62007546	0
20	62010134	62008850	0
20	62010166	62009051	0
20	62012380	62010066	0
20	62012884	62012481	1
20	62012935	62010045	0
20	62014708	62012814	0
20	62014708	62012873	0
20	62064367	62014546	0
20	62065811	62014546	0
20	62137427	62136734	31
20	62137427	62136802	37
20	62137427	62136856	39
20	62137427	62136906	34
20	62137466	62136734	31
20	62138291	62136734	29
20	62139397	62138170	17
20	62139906	62139074	13
20	62140945	62139074	14
20	62140945	62139330	13
20	62140945	62139695	13
20	62140945	62139780	13
20	62179357	62180168	42
20	62216283	62215378	0
20	62216927	62216009	0
20	62216927	62216331	0
20	62218658	62214969	0
20	62218658	62216522	0
20	62218658	62216835	0
20	62281166	62281789	4
20	62284170	62285535	0
20	62284170	62286336	4
20	62286218	62286336	18
20	62306326	62305431	14
20	62308179	62308367	24
20	62309258	62307954	34
20	62309836	62309058	2
20	62309836	62309064	2
20	62309836	62309144	2
20	62311308	62310901	2
20	62311537	62311161	1
20	62311537	62311256	2
20	62312051	62311613	5
20	62312147	62311613	3
20	62312317	62311919	3
20	62312317	62311929	3
20	62313251	62312631	0
20	62313251	62312887	4
20	62313461	62313087	2
20	62313581	62313179	4
20	62315208	62314798	0
20	62316059	62315027	2
20	62316323	62315095	2
20	62318651	62317661	0
20	62319014	62318453	0
20	62319113	62318534	6
20	62323857	62323455	0
20	62324205	62323775	0
20	62325547	62324440	2
20	62326632	62325139	0
20	62326761	62325315	0
20	62332718	62332371	3
20	62333244	62332556	0
20	62334343	62333900	0
20	62334622	62334185	0
20	62334622	62334301	0
20	62345878	62338467	0
20	62345878	62345413	0
20	62346597	62346080	0
20	62346801	62346505	0
20	62346801	62346557	0
20	62362553	62353133	0
20	62387675	62387842	44
20	62387915	62388308	51
20	62388365	62388456	229
20	62391454	62388631	18
20	62391454	62391013	5
20	62407286	62396520	0
20	62412754	62410236	0
20	62465465	62463496	0
20	62545368	62544342	0
20	62546859	62545219	0
20	62547703	62545705	0
20	62547703	62546813	0
20	62548001	62544546	0
20	62603116	62596731	0
20	62634209	62633680	0
20	62635505	62635341	0
20	62643305	62640718	0
20	62652187	62651271	4
20	62665498	62663030	14
20	62666628	62663018	12
20	62666725	62663018	13
20	62667911	62668011	31
20	62667911	62668154	39
20	62667911	62668157	39
20	62667911	62668476	39
20	62668185	62668476	32
20	62700481	62695023	0
20	62735348	62732565	0
20	62775413	62774127	0
20	62802110	62800626	2
20	62807606	62808246	28
20	62812556	62813497	230
20	62813597	62813843	235
20	62813852	62813852	229
20	62813871	62813871	196
20	62813908	62813910	151
20	62813947	62813948	122
20	62831742	62832153	23
20	62831988	62832153	18
20	62835954	62836186	35
20	62836334	62836477	29
20	62854158	62841114	11
20	62854158	62845137	16
20	62873077	62872249	0
20	62891156	62877737	4
20	62891156	62877742	4
20	62892077	62887213	21
20	62892077	62890959	1
20	62906101	62896530	2
20	62906101	62905005	22
20	62907360	62904997	2
20	62907360	62905002	2
20	62907360	62905004	2
20	62907360	62905886	0
20	62937953	62914209	2
20	62962735	62963272	66
20	62962755	62963272	71
20	62966733	62967336	72
20	63035442	63034216	0
20	63035722	63034216	0
20	63036354	63034382	0
20	63083343	63083870	0
20	63096184	63095492	0
20	63102320	63095492	0
20	63102320	63096036	0
20	63180904	63166796	0
20	63203808	63195428	2
20	63213944	63196366	4
20	63242624	63240783	0
20	63242624	63241141	0
20	63242624	63241276	0
20	63242624	63241389	0
20	63242624	63241727	0
20	63244085	63240783	0
20	63244085	63242538	0
20	63244544	63244023	0
20	63247152	63244023	0
20	63247776	63243849	0
20	63247776	63244023	0
20	63247776	63244071	0
20	63248534	63247577	0
20	63248878	63247577	0
20	63248896	63247577	0
20	63249263	63248138	0
20	63249267	63247577	0
20	63254541	63249934	0
20	63272695	63249934	0
20	63284513	63284865	83
20	63285714	63285979	41
20	63285971	63286365	39
20	63286219	63286365	29
20	63287748	63288309	112
20	63289497	63289677	176
20	63319201	63319486	0
20	63325365	63325440	0
20	63328128	63328330	0
20	63328146	63328330	0
20	63351028	63343222	0
20	63351028	63343309	0
20	63351028	63344068	0
20	63351028	63346593	0
20	63354567	63350976	0
20	63355596	63349652	0
20	63356042	63355376	0
20	63356071	63354655	0
20	63356085	63349652	0
20	63356085	63350907	0
20	63356085	63355495	0
20	63356110	63349652	0
20	63356416	63349652	0
20	63356416	63355956	0
20	63356416	63355974	0
20	63359581	63356537	0
20	63359584	63356448	0
20	63359700	63356370	0
20	63360137	63359656	0
20	63361191	63359547	0
20	63361305	63359547	0
20	63361344	63359547	0
20	63361397	63359547	0
20	63374533	63349652	0
20	63374533	63370752	0
20	63375393	63372721	0
20	63375393	63373880	0
20	63375393	63374420	0
20	63407376	63400215	0
20	63408013	63407319	0
20	63408456	63408212	0
20	63408485	63408001	0
20	63408537	63400209	0
20	63408537	63406078	0
20	63408537	63406136	0
20	63408537	63406236	0
20	63408537	63406445	0
20	63408537	63406465	0
20	63408537	63407045	0
20	63410010	63408474	0
20	63411883	63408412	0
20	63413440	63412191	0
20	63413582	63400215	0
20	63413582	63408412	0
20	63413582	63411774	0
20	63414191	63413449	0
20	63414194	63413275	0
20	63414194	63413449	0
20	63415036	63414087	0
20	63415091	63413449	0
20	63415091	63414087	0
20	63415127	63413449	0
20	63415127	63414087	0
20	63419673	63414902	0
20	63422690	63419643	0
20	63424161	63415064	0
20	63424207	63414087	0
20	63424207	63414902	0
20	63424207	63419618	0
20	63424207	63422687	0
20	63428423	63424176	0
20	63428436	63423933	0
20	63428436	63424176	0
20	63431370	63428366	0
20	63433477	63428366	0
20	63433842	63433612	0
20	63433877	63433508	0
20	63433904	63428366	0
20	63433904	63431339	0
20	63434436	63433677	0
20	63438674	63437352	0
20	63438691	63433683	0
20	63438721	63433677	0
20	63438721	63433680	0
20	63438721	63433808	0
20	63439669	63438624	0
20	63439709	63438208	0
20	63439709	63438624	0
20	63439709	63438688	0
20	63439791	63438624	0
20	63442532	63438624	0
20	63442532	63439597	0
20	63443701	63442437	0
20	63444714	63442405	0
20	63444743	63443677	0
20	63444770	63442405	0
20	63444835	63442405	0
20	63444835	63442523	0
20	63445365	63444658	0
20	63445577	63444658	0
20	63446217	63445283	0
20	63446227	63445286	0
20	63446792	63445237	0
20	63446838	63445237	0
20	63447452	63446810	0
20	63453714	63446746	0
20	63459078	63446774	0
20	63459969	63459472	0
20	63460049	63446746	0
20	63460935	63459041	0
20	63461015	63446812	0
20	63463863	63446746	0
20	63463865	63459910	0
20	63466505	63446809	0
20	63466655	63446766	0
20	63470959	63446771	0
20	63471236	63446775	0
20	63471764	63446758	0
20	63472233	63461010	0
20	63472506	63446746	0
20	63472510	63446746	0
20	63472556	63446746	0
20	63472590	63446746	0
20	63472591	63446746	0
20	63472599	63446746	0
20	63472641	63446746	0
20	63472678	63446746	0
20	63488426	63488013	31
20	63489153	63488011	0
20	63489153	63488339	7
20	63490736	63488917	0
20	63493288	63490080	0
20	63493288	63490478	0
20	63495102	63493136	0
20	63496036	63494804	0
20	63496036	63494904	0
20	63496036	63494967	0
20	63497784	63495861	0
20	63497804	63495855	0
20	63497835	63495855	0
20	63497929	63495855	0
20	63498749	63494804	0
20	63499084	63495855	0
20	63499084	63497619	0
20	63499178	63497619	0
20	63499185	63497619	0
20	63499186	63497453	0
20	63499323	63497619	0
20	63521364	63521511	38
20	63521590	63521667	10
20	63530232	63528000	0
20	63530232	63528424	0
20	63541348	63540809	0
20	63543481	63542439	1
20	63544349	63543313	0
20	63554207	63555653	0
20	63560096	63558085	9
20	63560096	63559201	4
20	63560698	63558661	1
20	63567628	63566377	10
20	63568075	63566377	20
20	63568606	63567440	3
20	63569000	63566843	1
20	63570612	63569147	1
20	63570869	63570138	4
20	63570869	63570503	5
20	63573222	63570125	1
20	63592145	63587601	3
20	63642300	63639704	1
20	63642300	63639707	1
20	63642300	63641085	0
20	63643932	63642107	0
20	63644310	63643755	0
20	63678184	63678267	3
20	63687771	63687936	12
20	63688606	63689054	5
20	63689866	63690086	12
20	63691838	63692804	6
20	63695855	63696759	25
20	63700302	63699610	92
20	63700703	63698641	21
20	63700703	63698642	21
20	63700703	63699455	94
20	63700703	63699496	100
20	63700703	63700053	89
20	63700778	63699455	78
20	63701389	63700601	10
20	63701899	63699511	10
20	63701901	63699477	10
20	63701901	63700601	10
20	63702218	63698642	9
20	63702218	63700601	9
20	63702218	63701696	8
20	63702218	63701829	6
20	63706054	63701829	6
20	63706440	63702135	6
20	63706440	63705578	3
20	63733713	63734704	24
20	63733740	63734644	21
20	63733740	63734704	27
20	63733776	63734644	26
20	63734825	63735158	6
20	63736397	63737532	49
20	63736713	63737532	64
20	63737903	63737972	19
20	63737903	63738007	19
20	63738061	63738182	48
20	63742057	63742129	5
20	63742231	63742335	48
20	63742616	63742698	19
20	63744729	63745527	8
20	63745312	63744524	19
20	63745676	63745822	22
20	63747302	63745142	1
20	63752862	63743665	0
20	63752862	63743667	0
20	63752862	63746871	0
20	63775963	63752685	0
20	63775963	63775255	0
20	63789860	63787719	0
20	63790791	63775677	0
20	63790924	63775677	0
20	63831215	63789820	0
20	63831245	63789820	0
20	63887606	63889189	30
20	63940307	63939828	13
20	63940307	63939839	13
20	63940307	63939923	26
20	63940486	63940096	23
20	63940486	63940149	23
20	63940717	63940377	22
20	63941610	63940949	38
20	63942493	63941109	41
20	63943670	63941109	35
20	63943670	63942469	51
20	63944459	63940949	41
20	63945723	63944544	0
20	63945976	63945650	14
20	63946268	63945696	24
20	63946509	63945804	13
20	63946644	63946160	5
20	63948476	63946452	8
20	63951127	63946452	3
20	63956342	63948224	20
20	63956386	63946452	8
20	63956416	63946452	8
20	63961408	63956701	4
20	63975833	63974112	2
20	63975833	63975359	0
20	63975833	63975474	0
20	63977407	63976970	1
20	63978362	63977224	0
20	63978362	63977296	0
20	63979643	63977224	0
20	63980009	63977224	0
20	64036327	64037926	5
20	64038203	64038295	1
20	64049642	64047581	24
20	64066333	64066475	2
20	64069822	64070259	8
20	64070415	64070488	8
20	64070415	64070491	9
20	64071942	64072171	25
20	64074379	64073180	2
20	64074542	64074143	0
20	64076647	64074466	2
20	64076955	64076524	3
20	64079426	64076563	3
20	64079493	64076856	4
20	64079812	64076856	3
20	64079989	64076856	7
20	64083706	64083398	0
20	64084360	64083379	0
20	64084360	64083582	0
20	653371	646614	1
20	654321	646625	2
20	6735125	6731257	0
20	675801	654230	0
20	676180	661595	0
20	7147374	7146466	0
20	7258215	7256579	0
20	7307433	7302055	0
20	761825	760079	0
20	761825	760118	0
20	761825	761023	0
20	764004	760079	0
20	764004	761700	0
20	765826	760079	0
20	765826	761700	0
20	7885591	7882980	0
20	7983858	7977347	60
20	7987390	7983793	0
20	7996072	7987287	0
20	7996072	7987309	0
20	7996072	7987323	0
20	874415	869898	0
20	8962337	8962485	0
20	8962337	8962892	0
20	9506338	9505179	0
20	9542721	9537388	0
20	9580931	9565892	0
20	964121	958451	0
20	967315	960253	0
