version https://git-lfs.github.com/spec/v1
oid sha256:f8abb9f7398c45331e4dcc78ce4068daf4c8d2a11285ef2afa4a1c8c1b152e48
size 38128
