13	100088849	100086030	4
13	100466200	100464439	0
13	100480286	100477328	0
13	100480364	100479546	2
13	100480364	100479558	2
13	100533369	100532494	0
13	100533654	100532513	2
13	100533775	100530182	0
13	100533803	100530163	0
13	100539807	100537609	0
13	100541789	100535740	0
13	100583998	100532494	0
13	100583998	100532513	0
13	100583998	100533562	0
13	100583998	100537609	0
13	100606428	100603926	2
13	100606428	100603933	2
13	100606428	100604870	2
13	100624430	100623874	5
13	100625677	100614315	0
13	100625893	100624909	5
13	100625893	100625452	1
13	100625893	100625534	1
13	100635196	100626070	1
13	100635196	100634804	3
13	100635780	100635064	4
13	100636609	100634804	2
13	100636735	100635023	2
13	100663181	100656380	1
13	100664337	100662963	0
13	100664337	100663119	3
13	100668795	100656380	1
13	100668795	100664220	0
13	100668795	100665968	0
13	100670570	100668578	0
13	100670736	100668361	0
13	100674775	100668578	5
13	100674796	100668578	5
13	100674880	100668578	3
13	100944365	100940861	0
13	101058057	101053775	0
13	101058057	101053796	0
13	101059968	101057938	0
13	101117007	101116439	0
13	101124682	101111124	0
13	101143222	101124607	0
13	101144897	101142742	0
13	101144897	101143079	0
13	101192055	101176299	0
13	101192055	101180372	0
13	101376829	101292223	0
13	101376829	101345265	0
13	101376829	101345300	0
13	101376829	101368544	0
13	101453929	101453996	0
13	101567714	101567718	0
13	101714552	101715562	0
13	101715671	101717498	0
13	101717643	101721696	0
13	101721821	101722880	0
13	101726811	101710803	0
13	101726811	101722830	0
13	101868829	101726611	0
13	101875295	101868371	0
13	101875297	101868724	0
13	102354223	102292686	0
13	102366614	102292326	0
13	102393832	102366444	0
13	102401775	101875185	0
13	102402458	102401470	0
13	102649152	102649407	2
13	102687058	102685743	0
13	102743634	102743921	0
13	102758453	102729368	0
13	102767479	102766109	18
13	102768312	102765989	14
13	102768312	102766109	14
13	102768312	102767272	9
13	102769542	102768259	8
13	102769542	102768276	8
13	102770271	102768259	49
13	102786340	102784280	30
13	102786340	102784283	30
13	102786340	102784286	30
13	102793419	102790900	5
13	102793419	102791257	8
13	102793679	102793152	1
13	102793807	102793340	2
13	102865912	102866261	24
13	102891501	102892582	0
13	103049447	103043997	0
13	105462508	105459054	0
13	105466061	105466215	0
13	105466421	105462298	0
13	105490018	105466186	0
13	105490193	105490911	0
13	105491152	105489775	0
13	105706918	105707099	0
13	106491706	106492266	61
13	106492505	106492739	85
13	106492879	106493294	64
13	106494995	106489730	4
13	106494995	106489744	4
13	106494995	106489809	5
13	106495841	106494880	4
13	106512813	106495747	3
13	106516448	106495747	1
13	106535115	106512528	0
13	106535663	106512528	0
13	106557132	106541672	5
13	106557132	106543827	23
13	106557617	106557047	629
13	106557617	106557105	527
13	106559658	106543326	7
13	106559658	106557047	590
13	106568138	106557047	2
13	106961393	106955688	0
13	107210756	107163509	0
13	107835452	107788341	0
13	107866736	107210583	0
13	108214611	108207438	10
13	108214611	108207445	10
13	108214783	108207445	12
13	108214808	108207438	12
13	108218369	108207438	9
13	108270235	108270339	0
13	108303366	108303453	0
13	109101920	109101260	0
13	109166711	109163901	0
13	109287516	109287702	0
13	109560491	109478738	0
13	109731701	109571073	0
13	109786569	109752697	21
13	110032810	109988096	0
13	110057287	110036196	0
13	110057332	110032607	0
13	110152507	110148962	5
13	110152507	110149064	10
13	110152507	110149110	10
13	110161370	110155282	8
13	110162443	110161017	0
13	110162443	110161191	0
13	110163491	110162229	0
13	110163559	110161957	0
13	110163562	110162229	0
13	110179037	110178063	0
13	110179422	110178866	0
13	110179422	110178922	0
13	110192285	110187137	1
13	110192285	110190740	0
13	110198632	110195022	0
13	110200890	110197536	0
13	110200890	110198466	0
13	110205407	110203565	0
13	110205539	110204648	1
13	110205539	110205352	0
13	110206716	110205493	0
13	110206716	110205496	0
13	110210043	110209391	0
13	110210213	110209790	0
13	110210213	110209888	0
13	110210213	110209979	0
13	110211674	110209888	0
13	110211674	110210128	0
13	110211923	110211646	1
13	110212437	110211868	0
13	110212480	110210128	0
13	110212480	110211648	0
13	110212480	110211868	0
13	110212619	110211646	0
13	110242695	110237307	0
13	110242698	110213925	0
13	110242699	110235700	0
13	110242699	110235706	0
13	110242735	110213925	0
13	110298900	110242674	0
13	110307132	110242674	0
13	110307158	110242674	0
13	110307234	110242674	0
13	110457588	110456395	0
13	110463288	110458090	0
13	110503767	110503846	0
13	110507752	110502574	17
13	110508180	110507646	294
13	110561734	110523065	0
13	110642522	110641411	12
13	110642522	110641416	12
13	110642522	110641418	12
13	110642522	110641442	18
13	110642522	110641583	23
13	110642522	110641586	23
13	110644183	110641416	63
13	110644183	110642314	69
13	110644183	110643955	75
13	110644484	110641416	62
13	110644484	110642314	71
13	110644484	110642446	86
13	110644484	110642510	81
13	110644484	110643752	59
13	110644484	110644064	49
13	110644607	110644064	58
13	110644682	110644064	55
13	110645634	110641411	50
13	110646074	110642386	130
13	110646091	110644064	63
13	110646091	110644384	53
13	110646279	110644384	56
13	110646377	110644386	46
13	110646632	110645966	159
13	110647116	110645966	74
13	110647240	110644384	59
13	110647240	110645929	81
13	110647240	110645966	87
13	110647240	110646504	85
13	110649298	110645966	43
13	110651101	110645966	37
13	110651101	110646850	26
13	110651101	110647100	21
13	110651101	110648317	19
13	110651208	110646860	24
13	110663519	110646466	34
13	110663519	110650246	15
13	110663519	110651033	11
13	110663519	110662837	54
13	110663531	110650636	18
13	110663629	110646678	40
13	110663776	110647100	36
13	110663862	110651033	18
13	110667459	110663450	64
13	110667474	110663450	64
13	110677025	110667339	4
13	110677104	110667339	4
13	110677104	110667435	5
13	110678094	110676973	0
13	110683135	110676973	0
13	110683135	110676998	0
13	110683135	110677095	0
13	110683140	110676973	0
13	110687827	110683050	0
13	110688019	110687720	0
13	110688019	110687721	0
13	110688019	110687731	0
13	110688019	110687791	0
13	110701556	110687946	0
13	110701556	110688784	3
13	110701556	110697917	3
13	110705572	110701437	0
13	110705572	110701501	0
13	110705617	110701350	2
13	110705798	110701437	1
13	110706054	110705520	2
13	110706134	110705520	6
13	110706158	110705520	2
13	110706470	110705520	1
13	110706506	110705520	1
13	110707644	110705520	0
13	110712487	110705520	5
13	110713523	110683050	2
13	110713523	110705520	2
13	110713602	110705520	0
13	110713604	110701437	1
13	110883794	110878539	48
13	110883794	110879767	59
13	110893083	110883552	19
13	110893133	110883194	17
13	110893264	110883697	33
13	110893264	110883708	33
13	110894203	110892691	535
13	110894203	110893027	603
13	110899173	110894638	389
13	110900662	110892956	534
13	110900695	110893196	523
13	110900740	110893027	502
13	110906096	110903474	151
13	110906116	110904030	143
13	110906125	110893027	334
13	110906125	110894108	137
13	110906125	110894284	161
13	110906125	110900529	214
13	110906125	110905022	149
13	111115679	111113811	0
13	111144734	111144304	0
13	111153172	111148195	0
13	111153722	111153904	15
13	112106883	112106094	0
13	112327546	112322566	0
13	112489698	112485004	3
13	112489698	112485032	3
13	112489824	112485843	3
13	112499186	112489580	4
13	112499186	112498806	7
13	112522510	112519885	1
13	112522510	112521662	6
13	112527051	112522319	1
13	112545866	112527373	3
13	112546204	112527373	2
13	112547753	112544555	5
13	112547753	112545698	6
13	112548173	112547619	2
13	112548177	112546481	5
13	112548177	112547619	2
13	112558414	112556051	0
13	112559400	112558195	0
13	112754694	112745448	0
13	112857921	112858144	7
13	112858291	112859392	2
13	112968825	112967483	0
13	113044889	113045270	21
13	113045026	113045270	20
13	113045362	113046597	4
13	113096484	113096549	91
13	113096654	113096773	108
13	113113777	113113846	0
13	113128881	113128154	0
13	113154003	113149431	1
13	113178288	113177538	293
13	113178288	113177610	297
13	113178288	113177611	297
13	113178376	113177611	300
13	113178479	113177612	54
13	113179090	113177576	46
13	113179090	113177616	34
13	113179090	113178173	49
13	113179090	113178271	49
13	113180232	113179916	56
13	113181231	113180157	23
13	113181231	113180160	23
13	113181231	113180219	23
13	113184488	113181128	68
13	113184488	113181129	68
13	113190976	113184345	43
13	113190976	113185484	64
13	113195126	113184345	23
13	113195126	113185484	2
13	113195126	113190702	2
13	113195126	113190871	1
13	113196223	113195070	3
13	113196226	113195070	3
13	113197244	113195070	6
13	113197244	113196180	11
13	113197244	113196196	9
13	113198265	113196180	1
13	113320471	113321403	78
13	113321728	113322281	57
13	113321878	113322281	59
13	113325847	113324189	13
13	113326092	113324844	16
13	113326092	113325061	16
13	113326092	113325660	16
13	113344960	113324163	0
13	113344960	113325918	0
13	113355437	113350848	0
13	113355482	113350848	0
13	113363911	113355322	0
13	113363911	113359616	0
13	113422980	113399609	0
13	113424350	113421939	0
13	113424350	113422632	1
13	113424350	113422825	0
13	113425180	113424216	0
13	113429093	113425051	0
13	113459409	113455818	30
13	113459409	113457046	29
13	113459544	113457796	11
13	113461137	113459311	10
13	113462892	113461053	10
13	113463089	113461054	6
13	113474255	113461053	8
13	113474255	113462739	5
13	113480744	113474123	8
13	113480744	113474196	8
13	113480744	113474209	6
13	113483997	113480465	6
13	113484057	113480574	10
13	113484191	113480574	5
13	113484197	113480647	14
13	113489174	113483839	52
13	113489254	113483962	65
13	113490609	113483839	39
13	113490692	113474123	10
13	113490692	113483839	54
13	113490952	113480574	61
13	113490953	113483839	42
13	113551563	113552031	4
13	113650508	113648803	0
13	113822187	113820548	9
13	113822187	113820551	9
13	113822187	113820557	9
13	113823551	113821957	10
13	113839851	113838068	13
13	113846590	113839727	14
13	113848051	113846526	6
13	113848051	113847676	5
13	113878793	113879114	0
13	113880896	113878488	0
13	113881487	113880531	0
13	113881493	113878699	0
13	113881493	113879003	0
13	113881493	113879010	0
13	113881493	113880698	0
13	113964995	113953704	0
13	113964995	113956548	2
13	113981859	113977782	4
13	114021509	114018762	0
13	114024356	114021403	0
13	114024356	114021408	0
13	114108821	114107568	0
13	114132612	114073719	1
13	114212256	114175484	0
13	114272482	114272563	148
13	114277324	114275325	4
13	114286401	114286518	118
13	114330779	114329558	0
13	18174513	18174009	15
13	18254091	18253525	6
13	18290902	18279319	0
13	18301842	18294174	0
13	18413897	18416106	0
13	18470203	18467171	0
13	18611676	18610297	0
13	18742095	18741729	0
13	18818454	18816717	0
13	18838802	18835384	0
13	18870804	18868084	0
13	18923764	18921888	0
13	18951830	18946754	17
13	18951830	18946901	16
13	18965296	18963948	6
13	18980284	18965269	0
13	19011565	19011679	0
13	19017323	19015486	2
13	19026388	19026000	0
13	19032627	19026851	0
13	19048104	18965203	1
13	19151954	19151553	2
13	19152985	19152566	3
13	19174160	19173781	0
13	19177608	19173769	0
13	19177608	19174042	0
13	19204510	19201636	0
13	19263284	19262796	0
13	19293072	19290592	0
13	19309783	19296634	0
13	19409530	19408041	0
13	19425018	19422876	0
13	19425018	19422882	0
13	19425018	19423051	0
13	19464521	19451164	0
13	19565605	19552570	0
13	19670965	19671205	65
13	19677824	19674755	37
13	19677824	19675387	46
13	19677824	19675428	45
13	19677939	19674751	41
13	19679111	19674755	41
13	19705832	19702499	9
13	19705832	19702870	13
13	19730317	19699379	3
13	19730345	19677723	1
13	19741650	19730238	0
13	19759419	19751270	0
13	19772544	19759322	0
13	19772544	19759346	0
13	19835690	19823481	1
13	19835690	19823483	1
13	19835690	19823852	2
13	19837822	19835476	13
13	19838986	19837464	4
13	19838986	19837655	11
13	19851449	19837452	2
13	19851449	19838699	4
13	19851797	19838699	4
13	19852191	19837464	5
13	19852191	19837655	4
13	19852191	19838699	2
13	19993565	19993825	46
13	20025376	20026611	37
13	20071047	20070249	9
13	20161050	20138254	0
13	20192939	20187469	0
13	20193011	20187469	0
13	20225684	20222057	0
13	20229750	20221961	0
13	20229750	20221968	0
13	20229750	20221970	0
13	20229750	20221975	0
13	20229750	20221976	0
13	20229750	20221995	0
13	20229750	20222483	0
13	20229750	20223156	0
13	20229750	20223344	0
13	20229771	20223244	0
13	20229788	20223171	0
13	20404742	20403665	0
13	20404742	20403666	0
13	20404742	20403669	0
13	20404742	20403670	0
13	20404742	20403673	0
13	20404742	20403701	0
13	20404742	20403739	0
13	20404742	20403862	0
13	20432297	20413281	0
13	20432297	20418397	0
13	20432297	20426694	0
13	20439755	20432101	0
13	20439905	20431617	0
13	20489497	20432101	0
13	20489497	20439592	0
13	20489497	20472965	0
13	20489497	20476870	0
13	20502499	20489369	0
13	20512551	20489369	0
13	20512551	20489476	0
13	20565551	20564707	1
13	20565551	20564771	1
13	20567786	20567884	1
13	20601749	20601850	33
13	20663387	20663497	0
13	20732122	20728730	2
13	20732122	20728930	3
13	20748058	20747034	2
13	20757618	20737722	0
13	20773919	20757454	3
13	20773950	20757454	3
13	20773959	20757228	0
13	20787058	20777328	10
13	20787058	20777329	10
13	20855766	20843769	0
13	20862859	20855626	2
13	20862859	20855633	2
13	20868702	20862716	0
13	20868702	20862968	0
13	20902748	20868412	0
13	20902775	20868595	0
13	20902811	20868595	0
13	20903049	20868595	0
13	20923234	20921663	0
13	20939936	20938563	0
13	20949429	20947751	0
13	20949600	20948293	0
13	20979798	20973031	9
13	20989305	20983223	0
13	20991405	20987880	2
13	20991405	20989009	2
13	21023130	20991271	0
13	21046231	20991271	0
13	21103769	21103002	0
13	21155812	21153594	8
13	21155812	21154696	3
13	21158126	21153594	6
13	21161876	21159901	10
13	21168400	21161789	4
13	21172505	21167987	7
13	21172505	21168221	9
13	21172682	21172268	12
13	21172682	21172338	14
13	21172714	21172338	14
13	21176549	21172338	16
13	21176552	21155692	21
13	21301456	21301481	7
13	21311119	21303514	0
13	21312366	21311041	0
13	21312556	21311041	0
13	21330659	21312451	0
13	21330659	21323268	0
13	21330659	21325624	2
13	21376656	21372576	56
13	21377875	21376976	3
13	21378739	21375106	5
13	21378739	21376123	3
13	21381456	21378660	5
13	21381547	21372572	7
13	21381547	21376346	12
13	21381550	21372572	7
13	21381550	21376486	12
13	21381550	21376514	12
13	21381550	21376518	12
13	21381550	21378660	2
13	21381550	21378700	2
13	21381946	21381433	9
13	21381995	21381433	6
13	21383010	21372572	2
13	21383010	21381433	6
13	21495319	21492699	4
13	21495319	21492936	10
13	21495319	21493103	16
13	21496161	21492690	8
13	21503074	21495160	30
13	21503098	21496051	24
13	21503099	21495160	19
13	21510102	21502826	3
13	21510102	21502925	3
13	21514419	21510003	0
13	21514419	21510026	0
13	21514419	21510082	0
13	21539378	21522602	0
13	21566945	21539656	0
13	21875567	21872769	0
13	21878161	21872795	0
13	22706207	22704738	0
13	22896503	22894655	0
13	22916370	22896360	0
13	23170598	23169834	0
13	23341691	23328829	116
13	23353877	23328825	4
13	23353877	23328832	4
13	23353877	23341444	2
13	23354891	23353735	7
13	23356008	23353784	101
13	23375270	23368401	3
13	23375270	23371077	4
13	23433702	23411219	0
13	23433729	23411219	0
13	23433741	23411219	0
13	23756619	23730188	3
13	23756831	23730188	2
13	23806070	23760095	0
13	23858913	23841334	0
13	23858913	23842269	0
13	23881788	23879267	0
13	23886507	23881698	4
13	23891532	23891612	5
13	23892062	23891098	4
13	23892062	23891248	4
13	23894202	23890524	0
13	23894202	23891098	0
13	23894202	23892025	0
13	23897007	23894138	0
13	23897056	23894510	0
13	23897227	23896820	0
13	23897503	23897121	4
13	23902656	23896820	0
13	23941470	23939556	0
13	23941470	23940968	0
13	23941741	23941289	0
13	24253200	24252748	0
13	24321599	24315724	0
13	24426599	24420925	4
13	24452594	24449717	4
13	24453655	24451971	0
13	24453655	24452405	0
13	24456479	24455016	0
13	24459123	24456340	0
13	24459123	24456396	0
13	24736503	24723100	0
13	24884084	24882283	26
13	24884084	24883032	18
13	24884084	24883162	26
13	24884464	24884160	62
13	24885387	24884322	70
13	24885387	24884329	69
13	24885671	24885275	67
13	24886080	24885289	89
13	24889356	24886234	79
13	24889401	24885605	82
13	24889401	24886233	93
13	24892868	24885605	52
13	24892868	24889169	50
13	24892868	24889315	31
13	24925895	24924676	0
13	24933537	24925847	0
13	24937771	24933005	0
13	24940786	24937576	0
13	24942109	24940506	3
13	24942109	24940601	1
13	24951489	24933494	0
13	24951489	24942931	0
13	24951771	24951396	0
13	24953345	24951387	0
13	24967454	24951396	0
13	24967454	24961748	0
13	24967455	24965499	0
13	24968278	24967391	0
13	24968454	24967391	0
13	24968456	24967241	0
13	24968488	24951396	0
13	25171720	25161683	0
13	25172289	25170838	0
13	25174088	25172827	0
13	25210296	25193106	0
13	25251776	25246200	2
13	25258693	25257735	0
13	25260688	25258620	0
13	25261803	25258559	0
13	25331559	25336212	37
13	26051032	26044596	7
13	26053386	26052275	0
13	26114495	26094723	0
13	26118374	26117547	0
13	26119807	26115042	0
13	26132452	26131090	0
13	26135594	26132322	0
13	26215593	26132114	0
13	26218589	26215138	3
13	26218607	26212761	1
13	26218607	26212767	1
13	26218607	26212774	1
13	26218607	26215473	4
13	26219668	26218510	1
13	26221331	26219295	2
13	26221331	26219456	4
13	26221692	26221247	2
13	26221704	26221247	2
13	26221811	26221247	6
13	26221843	26221247	4
13	26222090	26221252	6
13	26222262	26221247	10
13	26222494	26221247	6
13	26609595	26606543	0
13	26619511	26618773	0
13	26619511	26618912	0
13	26620702	26618784	0
13	26638716	26620565	0
13	26641342	26619456	0
13	26641342	26622625	0
13	26641342	26626057	0
13	26641342	26638636	0
13	26641342	26639732	0
13	26641365	26609402	0
13	26641365	26638108	0
13	26641365	26640368	0
13	26698805	26685639	0
13	26760786	26755199	0
13	26991263	26965966	0
13	27071150	27066141	7
13	27089967	27075190	0
13	27090159	27089437	0
13	27090159	27089882	0
13	27171702	27170090	0
13	27171897	27116515	0
13	27186659	27178262	0
13	27207368	27190621	0
13	27207368	27203086	0
13	27236812	27236281	0
13	27251289	27220620	0
13	27437274	27435642	8
13	27437274	27435649	8
13	27437274	27435683	10
13	27440450	27437115	11
13	27440450	27437116	11
13	27440450	27437144	14
13	27440450	27437149	14
13	27440450	27437268	14
13	27440476	27437115	14
13	27441078	27439988	11
13	27441246	27440275	15
13	27445138	27439988	21
13	27445138	27440205	13
13	27445157	27439988	21
13	27445157	27440280	12
13	27449919	27439988	3
13	27550492	27545910	1
13	27550492	27545924	1
13	27621105	27621336	4
13	27621141	27621336	7
13	27665145	27665685	3
13	27678950	27667539	0
13	27823373	27819375	0
13	27834151	27822754	0
13	27965016	27962136	0
13	27965016	27963003	0
13	27988655	27977713	0
13	28009491	28003946	0
13	28014558	28003273	0
13	28014558	28003613	0
13	28070613	28061866	0
13	28306773	28300343	0
13	28306773	28303125	1
13	28306773	28303133	1
13	28306773	28303143	0
13	28385032	28357553	0
13	28385032	28368095	0
13	28390105	28384884	7
13	28390105	28385566	10
13	28397069	28385547	0
13	28397069	28389795	0
13	28405895	28396959	0
13	28405895	28399043	0
13	28701582	28700716	4
13	28704100	28700079	0
13	28704100	28701500	0
13	28704558	28700063	0
13	28724022	28722385	0
13	29242699	29239622	0
13	29242699	29239786	0
13	29250555	29239378	0
13	29482378	29476514	0
13	29485290	29483916	0
13	29485307	29476514	0
13	29485307	29482113	0
13	29516247	29509409	33
13	29517311	29516137	17
13	29517791	29516866	10
13	29517791	29517143	8
13	29536203	29532823	0
13	29553861	29535818	0
13	29553861	29535823	1
13	29767696	29764370	27
13	29888406	29872612	0
13	29926652	29918646	0
13	30108869	30103177	0
13	30108876	30107598	0
13	30159622	30151885	0
13	30210443	30202629	6
13	30210443	30208479	1
13	30210665	30208724	0
13	30255616	30240958	0
13	30280224	30255446	0
13	30280224	30255479	0
13	30280224	30255487	0
13	30283792	30280062	0
13	30306857	30283615	0
13	30307027	30283615	0
13	30307045	30283615	0
13	30307485	30283615	0
13	30319904	30316359	1
13	30357890	30357264	0
13	30358377	30342459	0
13	30358377	30357741	0
13	30358377	30357744	0
13	30363227	30340269	0
13	30363227	30341358	0
13	30363227	30358253	0
13	30364197	30363160	0
13	30364206	30363160	0
13	30367718	30363160	0
13	30367718	30363175	0
13	30372375	30363160	0
13	30372375	30367600	0
13	30372375	30370471	0
13	30375777	30372284	0
13	30375777	30374002	0
13	30399428	30388784	0
13	30422238	30419518	0
13	30426779	30427360	0
13	30461689	30460894	393
13	30462713	30456703	42
13	30462713	30458746	103
13	30462713	30459849	80
13	30462713	30460906	129
13	30462713	30461495	129
13	30462713	30461638	112
13	30463265	30462345	9
13	30463353	30462537	15
13	30463695	30463206	9
13	30464248	30463206	88
13	30464311	30463530	56
13	30465243	30463530	10
13	30465915	30463310	4
13	30465939	30463530	6
13	30465966	30463530	3
13	30543462	30539596	0
13	30617598	30463530	0
13	30883336	30881932	0
13	30884061	30882840	0
13	30884061	30883253	0
13	30899987	30883937	0
13	30930875	30882948	0
13	30930875	30883937	0
13	30930875	30899405	0
13	30930875	30899913	0
13	30930875	30904756	0
13	30930875	30908775	0
13	30930875	30916045	0
13	30930875	30916183	0
13	30930875	30921973	0
13	30930875	30928657	0
13	30931284	30930800	0
13	30931359	30930800	0
13	30931429	30930800	0
13	30931430	30930800	0
13	30931510	30930800	0
13	30931520	30930800	0
13	30931543	30930800	0
13	30931555	30930800	0
13	30931626	30930800	0
13	30931937	30930671	0
13	30931937	30930800	0
13	30931937	30930845	0
13	30932254	30931245	0
13	30932457	30931245	0
13	30932475	30931713	0
13	30932484	30931628	0
13	30932585	30931245	0
13	30932607	30930800	0
13	30933432	30931786	0
13	30933438	30931713	0
13	30933847	30932108	0
13	30974888	30973288	0
13	30977624	30974807	0
13	30996139	30995161	0
13	31137525	31136624	788
13	31138569	31134973	35
13	31138569	31135048	26
13	31138569	31136624	35
13	31138569	31136627	37
13	31138569	31136972	29
13	31138569	31137367	18
13	31138901	31138406	2
13	31138901	31138538	2
13	31154756	31150946	12
13	31154756	31152851	15
13	31155655	31152851	8
13	31155655	31153978	0
13	31155655	31154632	0
13	32027254	32025313	0
13	32208965	32208965	0
13	32298333	32298454	0
13	32308761	32303699	0
13	32308761	32303770	0
13	32399211	32399608	32
13	32403201	32400723	0
13	32403201	32401815	0
13	32403201	32401816	0
13	32403762	32400752	0
13	32404272	32400722	0
13	32404272	32402907	0
13	32404398	32400723	0
13	32404398	32401672	0
13	32404398	32401676	0
13	32404398	32401783	0
13	32404398	32402479	0
13	32404398	32402907	0
13	32404398	32403149	0
13	32407339	32402907	0
13	32407339	32404202	0
13	32407339	32404320	0
13	32407773	32407249	0
13	32411593	32407644	1
13	32411607	32407644	1
13	32416030	32407644	0
13	32420577	32416498	0
13	32428007	32406452	0
13	32428015	32407644	0
13	32428015	32424921	6
13	32428131	32415958	0
13	32428131	32420370	1
13	32428134	32407644	0
13	32428179	32407644	0
13	32428312	32416550	0
13	32432955	32425357	2
13	32436406	32432416	2
13	32436406	32432488	3
13	32436406	32432786	0
13	32436406	32432830	1
13	32436406	32432890	1
13	32444125	32438651	0
13	32444127	32438651	0
13	32446481	32442387	0
13	32478049	32442387	0
13	32478049	32446358	0
13	32478276	32477886	0
13	32480638	32443965	0
13	32480638	32477886	0
13	32480639	32478227	0
13	32517921	32480589	0
13	32518004	32438651	0
13	32518004	32442387	0
13	32518004	32443696	0
13	32521450	32510291	24
13	32521450	32517856	3
13	32522271	32517874	19
13	32522276	32517856	19
13	32525580	32516893	38
13	32527533	32517487	53
13	32527533	32522181	47
13	32535870	32527407	20
13	32536384	32526874	12
13	32537028	32522181	19
13	32537028	32527407	14
13	32537028	32527457	14
13	32538685	32527457	34
13	32538685	32536426	1
13	32538687	32527457	34
13	32538783	32535768	1
13	32538793	32527407	32
13	32538834	32535768	1
13	32538886	32527457	20
13	32538886	32537005	0
13	32907018	32877430	0
13	33106935	33103134	29
13	33106935	33103169	29
13	33111893	33110685	10
13	33112932	33111777	10
13	33113194	33111783	14
13	33127547	33126080	1
13	33130290	33127372	13
13	33130290	33127429	31
13	33142374	33128928	1
13	33142374	33138428	0
13	33164410	33158586	3
13	33165419	33142309	2
13	33165419	33155435	0
13	33275851	33276076	9
13	33279571	33279896	2
13	33279657	33279896	2
13	33285708	33167550	4
13	33285737	33275950	9
13	33285756	33167550	0
13	33335278	33333678	0
13	33350625	33348606	0
13	33350631	33167550	0
13	33359588	33355205	1
13	33520150	33511329	0
13	33524373	33439690	0
13	33656943	33654658	4
13	33661344	33656811	3
13	33676769	33524237	2
13	34534351	34533845	0
13	34534406	34435449	0
13	34640686	34534287	0
13	34671183	34545928	0
13	34942364	34942659	7
13	35788286	35768651	0
13	35788286	35771340	0
13	35793480	35768962	0
13	35793480	35771338	0
13	35793480	35787857	0
13	35793480	35788211	0
13	35805780	35793365	0
13	35808321	35805698	0
13	35808338	35805315	0
13	35854594	35839091	0
13	35854594	35845899	0
13	35854594	35849922	0
13	36170788	36168207	18
13	36170788	36168793	20
13	36190057	36174721	16
13	36190057	36181991	9
13	36227382	36201878	0
13	36240667	36227119	0
13	36244614	36227044	0
13	36248683	36222007	0
13	36248683	36227119	0
13	36248683	36227347	0
13	36248683	36230774	0
13	36248683	36231161	0
13	36248683	36240569	0
13	36248683	36244456	0
13	36253857	36248601	0
13	36253857	36248605	0
13	36274528	36254044	0
13	36283506	36254044	0
13	36283510	36254044	0
13	36283510	36274301	0
13	36283510	36280056	0
13	36283699	36282827	0
13	36283703	36248589	0
13	36283703	36254044	0
13	36308445	36304450	16
13	36312236	36301637	11
13	36312236	36301639	11
13	36312236	36301651	11
13	36312236	36303601	7
13	36312236	36304321	10
13	36312236	36304456	10
13	36312236	36308418	4
13	36312412	36312144	10
13	36312478	36312141	10
13	36312478	36312144	10
13	36312585	36312144	10
13	36326624	36314221	1
13	36326699	36314226	2
13	36329518	36325922	0
13	36329518	36326574	0
13	36335833	36331398	3
13	36336359	36335020	12
13	36345635	36335580	6
13	36346284	36335020	6
13	36346778	36335232	4
13	36346798	36335020	4
13	36368991	36335020	1
13	36370137	36368873	0
13	36370181	36335020	0
13	36827750	36828335	32
13	36828359	36828803	38
13	36850047	36849365	0
13	36853676	36844830	0
13	36879830	36872657	0
13	36879876	36872657	0
13	36920239	36879277	0
13	36920273	36879277	0
13	36920766	36879461	0
13	36927220	36926437	0
13	36952600	36949774	8
13	36952600	36949829	8
13	36952600	36949993	8
13	36952870	36949848	9
13	36985741	36971976	0
13	36989556	36985626	0
13	36989577	36985626	0
13	36989577	36985648	0
13	37003008	37003494	91
13	37003008	37004476	78
13	37003008	37004515	63
13	37003518	37004476	78
13	37003518	37004515	85
13	37009810	37009499	89
13	37010656	37009311	16
13	37010656	37009493	18
13	37010853	37009493	19
13	37012298	37009315	10
13	37012298	37009492	17
13	37012298	37009493	17
13	37012298	37009616	22
13	37012298	37009719	17
13	37013907	37009496	17
13	37022318	37021447	23
13	37023045	37021447	74
13	37024194	37021447	48
13	37024194	37022010	19
13	37024194	37022222	78
13	37024443	37023548	26
13	37024443	37024034	6
13	37024443	37024150	8
13	37024948	37024034	18
13	37025438	37024133	17
13	37026237	37024339	6
13	37026237	37025190	7
13	37026237	37025319	4
13	37026799	37026203	0
13	37026817	37025829	0
13	37026817	37026203	0
13	37040459	37033448	0
13	37040693	37038034	0
13	37040693	37040403	0
13	37040693	37040404	0
13	37040693	37040416	0
13	37047409	37045246	2
13	37047602	37044077	1
13	37047602	37045246	1
13	37047602	37047345	1
13	37047937	37047534	0
13	37047938	37046863	2
13	37051560	37048563	4
13	37051584	37047877	0
13	37051584	37048563	4
13	37051647	37048563	4
13	37057134	37051541	0
13	37059433	37051487	0
13	37059452	37051487	0
13	37059630	37051487	0
13	37059640	37051487	0
13	37059650	37051487	0
13	37059651	37051487	0
13	37059687	37051487	0
13	37059714	37051487	0
13	37484394	37481466	0
13	37564561	37562582	0
13	37564561	37562584	0
13	37564561	37562587	0
13	37564561	37562588	0
13	37564561	37562590	0
13	37564561	37562633	0
13	37564561	37563220	0
13	37565004	37562696	0
13	37569384	37564518	0
13	37569384	37565247	0
13	37569791	37569299	0
13	37569822	37564518	0
13	37569822	37568682	0
13	37569822	37569299	0
13	37637626	37636842	0
13	37637626	37636864	0
13	37639130	37636635	0
13	37639130	37636640	0
13	37639130	37636842	0
13	37639130	37636864	0
13	37639130	37637483	0
13	37639300	37636842	0
13	37639300	37636864	0
13	37639300	37637483	0
13	37663730	37655087	0
13	37674368	37655087	0
13	37674368	37663415	0
13	37674371	37663427	0
13	37869724	37782955	0
13	37869803	37782955	0
13	37870426	37782955	0
13	38059709	38053919	0
13	38061449	38053697	0
13	38061454	38050816	0
13	38545300	38533342	0
13	38827571	38821797	0
13	38923742	38922726	0
13	38968535	38965924	0
13	38968535	38965925	0
13	39012190	39010152	44
13	39012234	39009865	45
13	39012234	39011139	11
13	39012476	39011375	31
13	39014477	39012082	89
13	39017545	39012690	22
13	39017545	39014369	12
13	39018000	39014402	15
13	39022413	39017499	5
13	39022743	39017499	5
13	39023131	39022325	0
13	39023131	39022353	0
13	39023931	39012082	5
13	39024557	39023051	1
13	39026388	39024472	3
13	39026388	39024502	3
13	39026473	39024472	2
13	39028321	39026276	2
13	39029376	39028226	1
13	39031632	39029031	1
13	39031632	39029280	1
13	39031710	39029280	1
13	39038466	39039135	6
13	39038724	39039135	7
13	39216492	39209115	0
13	39227913	39220084	0
13	39344055	39309805	0
13	39378527	39342891	0
13	39378527	39343853	0
13	39601391	39378427	0
13	39603034	39601312	0
13	39603172	39600831	0
13	39603227	39600831	0
13	39679621	39679974	0
13	39687632	39687707	1
13	40094633	40081823	0
13	40097968	40079105	0
13	40197412	40194508	0
13	40200892	40198073	0
13	40204519	40197764	0
13	40204519	40200822	0
13	40207053	40203616	0
13	40207053	40204327	0
13	40217751	40097856	0
13	40217751	40204327	0
13	40273510	40217577	0
13	40297250	40296111	0
13	40306760	40206898	0
13	40325831	40297100	0
13	40344206	40284776	0
13	40344206	40314794	0
13	40350303	40217577	0
13	40350303	40343956	0
13	40350314	40306564	0
13	40377229	40350108	0
13	40377262	40350108	0
13	40403767	40350108	0
13	40439788	40350108	0
13	40451204	40377050	0
13	40458669	40450933	0
13	40458669	40450935	0
13	40460352	40347131	0
13	40460407	40450993	0
13	40460407	40451063	0
13	40460407	40457513	1
13	40460407	40458902	1
13	40460410	40452656	0
13	40470163	40460281	0
13	40470163	40466506	0
13	40470250	40466506	0
13	40474096	40460281	0
13	40474096	40466506	0
13	40474096	40469952	0
13	40474096	40469995	0
13	40474096	40470086	0
13	40480075	40478765	0
13	40480469	40473993	0
13	40481007	40473993	0
13	40481029	40473993	0
13	40535808	40473993	0
13	40560861	40473993	0
13	40560861	40555666	1
13	40562765	40560758	1
13	40611130	40559508	0
13	40666598	40559508	0
13	40749282	40729134	0
13	40749282	40729373	0
13	40749614	40729295	1
13	40759107	40756872	0
13	40767034	40758947	0
13	40767034	40759001	0
13	40824789	40822295	0
13	40826579	40824726	0
13	40836677	40826505	0
13	40836689	40826348	0
13	40836689	40826505	0
13	40855816	40836808	0
13	40855816	40854856	0
13	40864353	40855754	0
13	40908213	40855175	1
13	40908213	40882576	1
13	40908213	40882668	3
13	40911806	40908158	0
13	40912584	40911733	0
13	40914106	40912513	2
13	40921532	40908158	0
13	40921532	40911886	1
13	40921532	40913915	0
13	40921532	40914014	0
13	40921716	40908158	0
13	40921741	40908158	0
13	40921750	40855754	0
13	40941371	40932027	1
13	40941371	40932033	1
13	40941371	40933351	0
13	40941371	40933438	1
13	40982226	40958835	0
13	40982243	40958835	0
13	40982283	40958835	0
13	40982900	40981982	0
13	41019315	40981982	0
13	41061441	40981982	0
13	41220644	41216974	1
13	41223355	41216368	0
13	41223355	41216974	2
13	41234008	41226431	1
13	41240434	41233889	1
13	41252753	41240260	0
13	41253031	41252281	2
13	41253031	41252283	2
13	41253031	41252644	0
13	41253031	41252663	0
13	41253031	41252704	0
13	41257797	41254528	1
13	41257798	41254528	1
13	41260587	41254528	1
13	41260916	41254528	0
13	41260916	41257672	1
13	41260916	41257755	1
13	41261826	41260492	30
13	41262332	41260492	15
13	41262332	41261432	15
13	41262332	41261690	16
13	41262482	41260492	19
13	41262482	41261332	17
13	41263578	41260492	15
13	41362160	41362730	24
13	41570707	41566836	2
13	41689509	41685046	0
13	41690276	41689353	0
13	41690276	41689432	0
13	41719743	41703302	0
13	41721576	41719336	0
13	41721576	41719590	1
13	41811341	41787436	0
13	41865814	41833370	0
13	41866037	41865590	4
13	41866037	41865735	0
13	41907697	41891419	0
13	41950014	41912037	0
13	42044248	42043726	4
13	42574253	42574468	0
13	42574398	42574440	0
13	42811843	42810365	0
13	42842888	42842413	0
13	42889243	42886387	0
13	42895109	42886387	0
13	42895109	42888493	0
13	42895109	42889210	0
13	42900384	42895008	0
13	42919333	42917540	0
13	42926430	42917540	0
13	42926430	42919299	0
13	42926430	42919303	0
13	42954022	42917540	0
13	42954022	42926335	0
13	42954022	42926376	0
13	42954022	42926390	0
13	42963339	42953947	0
13	42963584	42963254	0
13	42964140	42963254	0
13	42964140	42963301	0
13	42969751	42969093	0
13	42970671	42964065	0
13	42970671	42969093	0
13	42970671	42969473	0
13	42970671	42969626	0
13	42992236	42969093	0
13	42992272	42969093	0
13	43224139	43213517	0
13	43360058	43355918	0
13	43361366	43359731	0
13	43361453	43359850	0
13	43412054	43361278	0
13	43484153	43412844	0
13	43667545	43484008	0
13	43858898	43823908	0
13	43858898	43836351	0
13	43858898	43854087	1
13	43860071	43858780	1
13	43874927	43859671	0
13	43874928	43869330	0
13	43879691	43874841	2
13	43879692	43874841	2
13	43879728	43874752	2
13	44107218	44106377	0
13	44154046	44146469	0
13	44158223	44153945	0
13	44160932	44143542	0
13	44161258	44160602	0
13	44238906	44234117	0
13	44243193	44238796	0
13	44405886	44400249	0
13	44405985	44404354	0
13	44435285	44434566	22
13	44436096	44432142	7
13	44436096	44433518	21
13	44436096	44434708	11
13	44436427	44434715	19
13	44436597	44435792	19
13	44436846	44436043	23
13	44437255	44436043	11
13	44437346	44436503	11
13	44474251	44437175	0
13	44474302	44436043	0
13	44539924	44538325	49
13	44539937	44538325	61
13	44540034	44538721	36
13	44576566	44432142	0
13	44576566	44436043	7
13	44577148	44575647	57
13	44715394	44684486	0
13	44805031	44799502	0
13	44943675	44939248	11
13	44982155	44980721	0
13	44989484	44982071	0
13	45028004	45029238	14
13	45046742	44982076	0
13	45083126	45046592	0
13	45337554	45336898	97
13	45338777	45333470	30
13	45338777	45336872	91
13	45338777	45337052	96
13	45338777	45337063	100
13	45338777	45337176	111
13	45338777	45337177	111
13	45338777	45337197	106
13	45338777	45337301	101
13	45338777	45337466	97
13	45339534	45338659	101
13	45339603	45338184	108
13	45339603	45338659	121
13	45339603	45338686	121
13	45339849	45338659	143
13	45340185	45337176	118
13	45340185	45339496	118
13	45340259	45338659	124
13	45340403	45339993	75
13	45340786	45339993	58
13	45340821	45339993	59
13	45341087	45340711	38
13	45341123	45340711	27
13	45341156	45338659	72
13	45341159	45339993	61
13	45341159	45340711	40
13	45341184	45340025	43
13	45341213	45339993	47
13	45341285	45340711	38
13	45341371	45340711	1
13	45379336	45379898	15
13	45379336	45379925	15
13	45390859	45391031	28
13	45390903	45391031	32
13	45397339	45393315	2
13	45397339	45393333	2
13	45397339	45395947	2
13	45399079	45397257	0
13	45399079	45397886	0
13	45401208	45393315	0
13	45401208	45398939	0
13	45402358	45401082	0
13	45402371	45401082	0
13	45402371	45401131	0
13	45402371	45401187	0
13	45404384	45402274	0
13	45404413	45402274	0
13	45404413	45402325	0
13	45544986	45541296	0
13	45550046	45534521	0
13	45550046	45544759	0
13	45555468	45550158	0
13	45561527	45550230	0
13	45563789	45561368	0
13	45568452	45563662	0
13	45568452	45563726	0
13	45682420	45680183	0
13	45701185	45685063	0
13	45851737	45777242	0
13	45959647	45954464	8
13	45964043	45959482	12
13	45965430	45963841	2
13	45965433	45962175	2
13	46003337	45988786	3
13	46003337	46001162	0
13	46010506	46003138	0
13	46011555	46010149	0
13	46011555	46010347	0
13	46011556	46010347	0
13	46042276	46020448	0
13	46045065	46042156	0
13	46045065	46042163	0
13	46055850	46053194	0
13	46055850	46053216	0
13	46105019	46087744	0
13	46105029	46087744	0
13	46105034	46087744	0
13	46130939	46125919	0
13	46130939	46125925	0
13	46147104	46144441	0
13	46148448	46146905	0
13	46148448	46146907	0
13	46148809	46148351	0
13	46151079	46148351	0
13	46152946	46150935	0
13	46153244	46152779	0
13	46153266	46152779	0
13	46154887	46152779	0
13	46154887	46152780	0
13	46158990	46158521	0
13	46159687	46158825	0
13	46159687	46158855	0
13	46168520	46159598	0
13	46182205	46159015	0
13	46182226	46159598	0
13	46182325	46159598	0
13	46344832	46341999	0
13	46344832	46342000	0
13	46344832	46342963	0
13	46344832	46342966	0
13	46344832	46343279	0
13	46368250	46363114	0
13	46368816	46363114	0
13	46368816	46368037	0
13	46368816	46368041	0
13	46368816	46368073	0
13	46372079	46368732	0
13	46372211	46368732	0
13	46372598	46368732	0
13	46378006	46368732	0
13	46378006	46371940	0
13	46387231	46371940	0
13	46387253	46371940	0
13	46387487	46371940	0
13	46387501	46368732	0
13	46387880	46368732	0
13	46387880	46371940	0
13	46438191	46387676	0
13	46457914	46455131	0
13	46457914	46455134	0
13	46457914	46455137	0
13	46457914	46455138	0
13	46457914	46455202	1
13	46457914	46455290	1
13	46457914	46455344	1
13	46457914	46455368	1
13	46458239	46455352	0
13	46461086	46457839	7
13	46461171	46457839	8
13	46461171	46457907	7
13	46462027	46457839	3
13	46462368	46460944	3
13	46463497	46460944	4
13	46463829	46460944	6
13	46464020	46460944	2
13	46464751	46457839	1
13	46464820	46457839	1
13	46464820	46460647	2
13	46464820	46460944	4
13	46464820	46460989	4
13	46465458	46460944	4
13	46465988	46457839	0
13	46465988	46460944	3
13	46515959	46486280	0
13	46777624	46771255	6
13	46777624	46771334	26
13	46777624	46775382	14
13	46780034	46775385	7
13	46780034	46777455	3
13	46781569	46779934	3
13	46781616	46779934	3
13	46781616	46779953	3
13	46892591	46831549	0
13	46892591	46831554	0
13	46896039	46892389	0
13	46896235	46892389	0
13	46897077	46892389	0
13	46897077	46895494	0
13	47797213	47746437	0
13	47826291	47825329	0
13	47905399	47745735	0
13	47907136	47807393	0
13	47907136	47905328	0
13	47932784	47907330	0
13	47939364	47936501	2
13	47943446	47907017	0
13	47943446	47936490	0
13	47943446	47936617	1
13	47945940	47943344	3
13	47949029	47942655	1
13	47949029	47942660	1
13	47949029	47942688	1
13	47949029	47942728	1
13	47949029	47942780	1
13	47949029	47943344	4
13	47949029	47943360	4
13	47949562	47948939	0
13	47949604	47948939	0
13	47954283	47949482	0
13	47954555	47949482	0
13	47954558	47954139	2
13	47954558	47954142	2
13	47956879	47954395	5
13	47965641	47954395	3
13	47968734	47954395	4
13	47968734	47954452	6
13	47968734	47956839	4
13	47968734	47956872	4
13	47973393	47968594	0
13	47973393	47971452	0
13	47973393	47971680	0
13	47988549	47973263	0
13	47988704	47973263	0
13	47988982	47987633	0
13	47988982	47988540	0
13	47997024	47988881	0
13	47997024	47994799	1
13	48001021	47996842	0
13	48001241	47988881	0
13	48001267	47996842	1
13	48001274	47973263	0
13	48001274	47996842	1
13	48001279	47996842	1
13	48001280	47996842	1
13	48001292	47996842	1
13	48001294	47996842	1
13	48001306	47996842	1
13	48001355	47996842	0
13	48015249	47996912	1
13	48037943	47996842	2
13	48077312	48053322	2
13	48079976	48075955	2
13	48079976	48076967	11
13	48079976	48077152	7
13	48079976	48077170	5
13	48081732	48079843	3
13	48261322	48262570	48
13	48302493	48296512	0
13	48303660	48302446	0
13	48303662	48302338	0
13	48391532	48389570	0
13	48401408	48389566	0
13	48404264	48389570	0
13	48412490	48411740	16
13	48415811	48408623	1
13	48415811	48411044	0
13	48415811	48411047	0
13	48415811	48411138	0
13	48415814	48389570	0
13	48415817	48404180	1
13	48439813	48426579	0
13	48444705	48423992	0
13	48476523	48476700	14
13	48491716	48489896	0
13	48496322	48488958	0
13	48496322	48488969	0
13	48512175	48511769	0
13	48512896	48512015	0
13	48512896	48512131	1
13	48515356	48512015	0
13	48515356	48512728	0
13	48515742	48515204	0
13	48515742	48515294	0
13	48532753	48524658	0
13	48533181	48515585	0
13	48533234	48524658	0
13	48533257	48515585	0
13	48533257	48524658	0
13	48573318	48570638	0
13	48578089	48576973	0
13	48976868	48974966	1
13	49045019	49044078	0
13	49212295	49210421	0
13	49332091	49308649	0
13	49332091	49308654	0
13	49332091	49309797	0
13	49332091	49310128	0
13	49332091	49310621	0
13	49332091	49310651	0
13	49350913	49339676	0
13	49350913	49344178	0
13	49351128	49350743	0
13	49359833	49350742	0
13	49359833	49350743	0
13	49377132	49359713	0
13	49377132	49359723	0
13	49382942	49376962	0
13	49382942	49376966	0
13	49393080	49382799	0
13	49401271	49382506	0
13	49401271	49382799	0
13	49401526	49382799	0
13	49401588	49401132	0
13	49401600	49382799	0
13	49413041	49382799	0
13	49413041	49401394	0
13	49414200	49401495	0
13	49420476	49393012	0
13	49433394	49382799	0
13	49433394	49401132	0
13	49538084	49533917	3
13	49541007	49531945	0
13	49551469	49549457	10
13	49552253	49551170	0
13	49552286	49551325	0
13	49661928	49660722	3
13	49663196	49660722	5
13	49663196	49660725	5
13	49669847	49660722	24
13	49669847	49663056	9
13	49669847	49668169	11
13	49691439	49663056	4
13	49691458	49660833	5
13	49701899	49701209	118
13	49702481	49699306	80
13	49702481	49701855	4
13	49792922	49746948	0
13	49915161	49912709	8
13	49921581	49912705	4
13	49921581	49913792	12
13	49931135	49927918	0
13	49935754	49931017	1
13	49936308	49927918	0
13	49936341	49931017	2
13	49936491	49927918	0
13	49988622	49982551	1
13	49997132	49997666	35
13	49997217	49997666	34
13	49997420	49993792	11
13	50027407	49997073	5
13	50029493	50027132	6
13	50029493	50027206	6
13	50044769	50029277	8
13	50044769	50043436	63
13	50045233	50044639	34
13	50049663	50043508	24
13	50049663	50044386	11
13	50049663	50044514	19
13	50049663	50044650	27
13	50049663	50045117	27
13	50049664	50044750	26
13	50068115	50049583	3
13	50068164	50049188	1
13	50068164	50049189	1
13	50068164	50049583	2
13	50068164	50068083	5
13	50070642	50068096	0
13	50075654	50068096	1
13	50075654	50068117	1
13	50075654	50070581	0
13	50075654	50071515	0
13	50081973	50075558	0
13	50081974	50068096	2
13	50081979	50075558	0
13	50081993	50068096	2
13	50125542	50075558	5
13	50125721	50075558	2
13	50408171	50408658	0
13	50526008	50520932	0
13	50528065	50528179	1
13	50715484	50711007	2
13	50843697	50822907	0
13	50843940	50711900	0
13	50865158	50862171	0
13	50882646	50866204	0
13	50882646	50876685	0
13	50882646	50879571	0
13	50889736	50882047	0
13	50889736	50882397	0
13	50889736	50882463	0
13	50889736	50882510	0
13	50889736	50882551	0
13	50889736	50882608	0
13	50910439	50912994	0
13	50910559	50912994	0
13	50910562	50889608	0
13	50910563	50907816	0
13	50910595	50904720	0
13	50910765	50889608	0
13	50948069	50949462	2
13	50950319	50953904	6
13	50953986	50956357	7
13	50959597	50960148	1
13	50970262	50970495	3
13	50970563	50972637	2
13	51004355	50994692	1
13	51004577	50994510	0
13	51006910	51004252	2
13	51007142	51006699	3
13	51007861	51006989	3
13	51010228	51006989	3
13	51010228	51006990	3
13	51016328	51010072	2
13	51017065	51015415	0
13	51017065	51016107	0
13	51017065	51016180	0
13	51024317	51020397	0
13	51025438	51024099	0
13	51028405	51026701	0
13	51029694	51026701	0
13	51062895	51004252	0
13	51085560	51082118	0
13	51085560	51083208	0
13	51085560	51084080	0
13	51085560	51084123	0
13	51172223	51087927	0
13	51172389	51113192	0
13	51200253	51113192	0
13	51361894	51364238	8
13	51365846	51354076	4
13	51367899	51361564	7
13	51367899	51365198	7
13	51367899	51365226	9
13	51367899	51365227	9
13	51367899	51365502	7
13	51367899	51365702	4
13	51367899	51365735	5
13	51379573	51378238	0
13	51382124	51379461	0
13	51382124	51379508	0
13	51382124	51379541	1
13	51383462	51382028	0
13	51383742	51382028	0
13	51387541	51383588	1
13	51389445	51387385	3
13	51395484	51389318	5
13	51421335	51395299	0
13	51421335	51402528	0
13	51421375	51395299	0
13	51423091	51421111	1
13	51430384	51387385	0
13	51430384	51395298	0
13	51430384	51395299	0
13	51430384	51421175	2
13	51430384	51423002	0
13	51430384	51423029	0
13	51451175	51430234	1
13	51451175	51430293	1
13	51451175	51430304	1
13	51451568	51451024	4
13	51451575	51451024	4
13	51452056	51436425	2
13	51452056	51451024	4
13	51452252	51451024	5
13	51453208	51452414	6
13	51453593	51452414	5
13	51454265	51452414	5
13	51468368	51468771	0
13	51769294	51767992	3
13	51769294	51768614	3
13	51771912	51763950	3
13	51771912	51767994	2
13	51771912	51769155	3
13	51771912	51770783	4
13	51774035	51771820	2
13	51774035	51772765	2
13	51774125	51771820	2
13	51777122	51771820	2
13	51790063	51777059	0
13	51790077	51777059	0
13	51790093	51777059	0
13	51791258	51790010	0
13	51791258	51790022	0
13	51804099	51799533	0
13	51804124	51799533	0
13	51804158	51799533	0
13	51813340	51799533	0
13	51822138	51816750	0
13	51826626	51816735	0
13	51838554	51813170	0
13	51838554	51813346	0
13	51932469	51930435	0
13	51933318	51932351	9
13	51934522	51933068	13
13	51935696	51932672	3
13	51935696	51932673	3
13	51935696	51934244	1
13	51935696	51934603	1
13	51935696	51934685	1
13	51935696	51934690	1
13	51935696	51934692	1
13	51944292	51942385	0
13	51946479	51942385	0
13	51946479	51944108	0
13	51946479	51944191	0
13	51946564	51944108	0
13	51949797	51942385	0
13	51949797	51944108	1
13	51950162	51944108	0
13	51958401	51957515	0
13	51958545	51957515	0
13	51960011	51957515	0
13	51960323	51950271	0
13	51960323	51957515	0
13	51960323	51958310	0
13	51961914	51957515	0
13	51961914	51958310	0
13	51964877	51961836	0
13	51965034	51957515	0
13	51965034	51961836	0
13	51968608	51964773	0
13	51968608	51964871	0
13	51970750	51958363	0
13	51975169	51950006	0
13	52011392	51946283	0
13	52050222	52033610	0
13	52050222	52036947	0
13	52050222	52037079	0
13	52065610	52061818	0
13	52072071	52064755	0
13	52072071	52065406	0
13	52072071	52065483	0
13	52133816	52132638	0
13	52133816	52132642	0
13	52133816	52132643	0
13	52133816	52132650	0
13	52133816	52133172	0
13	52133840	52132644	0
13	52144892	52136799	0
13	52144892	52143914	0
13	52144892	52143915	0
13	52148470	52144690	0
13	52148470	52144771	0
13	52151233	52148141	0
13	52151233	52148414	0
13	52153993	52152608	0
13	52154174	52153894	0
13	52156192	52153968	0
13	52156249	52153894	0
13	52156249	52154079	0
13	52156249	52154116	0
13	52157486	52154079	0
13	52170057	52169094	8
13	52170100	52167708	12
13	52171249	52169986	2
13	52171827	52171157	3
13	52175777	52171157	2
13	52175777	52171216	7
13	52180655	52175638	1
13	52189915	52186682	0
13	52190228	52186682	0
13	52193234	52189632	11
13	52194379	52189638	5
13	52194421	52186682	8
13	52194466	52189638	5
13	52221807	52219343	0
13	52221807	52219527	0
13	52223332	52189638	0
13	52223332	52219351	0
13	52223332	52219593	0
13	52223332	52221735	0
13	52227097	52223238	0
13	52316400	52313628	0
13	52323389	52309195	0
13	52333162	52324065	0
13	52333162	52325638	0
13	52386187	52377186	0
13	52398195	52377166	0
13	52398195	52377198	0
13	52402682	52397231	0
13	52416094	52412601	117
13	52416162	52415524	29
13	52416308	52413153	110
13	52416374	52402542	2
13	52417142	52416016	29
13	52417680	52417056	25
13	52418057	52417056	25
13	52418057	52417436	25
13	52418449	52416153	21
13	52426067	52423573	6
13	52427067	52425769	3
13	52427067	52425931	6
13	52434883	52433661	0
13	52436405	52434792	0
13	52436405	52434837	1
13	52439169	52435920	0
13	52439169	52436289	0
13	52484681	52484160	0
13	52489217	52482803	0
13	52497675	52499042	0
13	52499382	52499821	0
13	52708703	52703263	0
13	52708703	52703268	0
13	52712870	52708535	0
13	52724111	52712715	0
13	52845633	52842888	0
13	52845633	52843978	0
13	52845694	52844458	0
13	53148365	53146538	0
13	54121045	54115782	0
13	54125273	54120939	0
13	54127344	54115848	0
13	54127430	54124323	0
13	54127430	54124812	0
13	54127430	54124994	0
13	54127430	54125148	0
13	54131072	54126861	0
13	54131072	54127279	0
13	54132852	54127279	0
13	54132867	54127279	0
13	55554985	55535696	0
13	57633576	57632758	8
13	58215684	58211696	0
13	59695446	59666740	0
13	59751022	59665691	0
13	59774249	59665582	0
13	59774249	59666583	0
13	59774824	59774058	0
13	59774824	59774162	0
13	59774824	59774188	0
13	59839449	59833106	0
13	59861433	59837674	0
13	59861537	59839323	0
13	59879469	59861253	0
13	59879469	59861406	0
13	60042821	60016070	0
13	60093733	60042689	0
13	60112187	60042689	0
13	60163767	60042689	0
13	60163767	60093627	0
13	60163767	60112009	0
13	60163767	60132956	0
13	60163988	60132956	0
13	60214947	60214351	0
13	61415495	61409857	2
13	61415523	61409684	0
13	61427216	61415767	0
13	61427947	61424688	0
13	62029549	62003524	0
13	62686095	62672284	0
13	62732181	62700615	0
13	62732360	62731859	0
13	63194532	63183100	0
13	63687556	63667680	0
13	63727083	63667681	0
13	63831528	63828846	0
13	63831853	63828839	0
13	63838239	63837294	0
13	63839226	63831453	0
13	63853760	63851196	0
13	63990201	63853684	0
13	63990201	63986370	2
13	65310954	65309854	0
13	66306310	66304603	0
13	66631286	66303344	0
13	66631412	66302833	0
13	66631412	66304955	0
13	66903606	66631209	0
13	66903606	66782713	0
13	67228576	66631209	0
13	67228576	66903503	0
13	67229819	67225404	19
13	67230446	67201014	0
13	67230446	67225404	12
13	68303303	68301604	0
13	68870215	68861283	0
13	68885314	68870928	0
13	68885326	68870062	0
13	69707797	69700593	0
13	69839163	69796737	0
13	69940237	69882282	0
13	71475210	71437965	0
13	71475210	71439945	0
13	71681911	71488996	0
13	71681911	71630555	0
13	71866770	71681794	0
13	71867193	71681794	0
13	72719098	72708356	4
13	72753822	72755150	16
13	72759879	72759043	208
13	72760652	72752168	16
13	72760652	72757442	13
13	72760652	72759472	7
13	72760652	72759674	6
13	72781004	72778186	12
13	72781357	72778186	6
13	72781357	72780845	9
13	72781855	72780845	13
13	72781934	72780845	7
13	73538754	73533758	0
13	73538754	73536908	0
13	73546675	73536425	0
13	73546675	73541374	0
13	73546842	73413472	0
13	73546842	73538729	0
13	73546842	73545347	0
13	73546842	73545900	0
13	73546842	73545908	0
13	73546842	73546471	0
13	73552029	73546723	0
13	73564289	73546799	0
13	73574218	73545900	0
13	73574261	73546799	0
13	73592266	73564273	0
13	73593461	73546471	0
13	73593461	73546799	0
13	73606360	73593267	0
13	73606360	73593406	0
13	73648254	73546386	0
13	73648632	73546799	0
13	73661868	73593267	0
13	73715526	73686088	0
13	73813288	73764937	0
13	73846374	73812872	0
13	73846374	73813151	0
13	74377952	74377162	0
13	74419116	74412956	0
13	74554761	74555224	0
13	74555643	74555833	0
13	75289111	75283502	6
13	75289111	75284664	7
13	75289111	75284671	7
13	75295014	75292101	7
13	75299575	75294853	2
13	75299575	75294864	2
13	75306472	75302242	6
13	75310152	75306312	23
13	75310152	75306465	28
13	75312899	75309941	48
13	75312899	75310034	67
13	75316553	75312737	4
13	75320038	75312737	0
13	75324402	75312737	1
13	75324402	75312781	1
13	75326424	75312737	2
13	75376060	75375510	0
13	75482115	75362025	0
13	75527852	75526435	7
13	75530260	75526435	7
13	75530267	75525218	4
13	75530267	75526435	7
13	75530267	75527812	4
13	75530406	75526435	5
13	75530409	75526435	5
13	75530505	75526435	4
13	75537619	75530113	3
13	75537676	75526435	2
13	75537676	75529708	4
13	75537676	75529823	4
13	75537676	75530113	2
13	75537676	75530310	4
13	75537806	75530204	7
13	75537921	75530113	3
13	75549429	75530113	0
13	75618907	75604699	1
13	75618907	75604825	0
13	75635995	75618769	2
13	75635995	75622259	3
13	75760666	75760931	0
13	75760832	75760931	0
13	75804542	75805478	1
13	75838197	75838346	40
13	76014502	76013022	0
13	76554820	76552806	0
13	76846525	76835980	0
13	76995229	76995456	13
13	76995229	76995842	8
13	76995229	76995901	13
13	76995514	76995901	7
13	76996128	76998042	9
13	76996128	76999929	10
13	76999996	77000457	8
13	77000147	77000199	7
13	77015581	76999136	7
13	77015581	77005253	2
13	77015581	77007564	5
13	77015582	76992597	16
13	77017178	77017483	1
13	77018687	77015408	1
13	77018723	77015408	1
13	77018745	77015164	2
13	77021862	77018599	2
13	77027086	77015510	4
13	77045494	77044659	72
13	77051163	77044654	5
13	77051163	77044657	5
13	77051163	77044901	17
13	77051163	77045398	6
13	77076850	77070630	0
13	77077388	77070630	0
13	77077388	77076750	0
13	77077388	77076759	0
13	77078890	77077147	0
13	77081191	77080510	1
13	77081652	77078823	1
13	77081994	77081426	1
13	77083193	77081836	0
13	77087515	77083031	0
13	77087634	77083031	0
13	77089032	77087483	0
13	77090264	77088831	0
13	77093333	77090105	0
13	77095603	77093164	0
13	77095603	77093285	0
13	77099014	77096311	9
13	77103311	77098775	1
13	77118520	77098067	1
13	77121496	77097369	0
13	77121496	77098884	0
13	77121496	77118339	0
13	77125429	77121224	0
13	77125469	77121372	0
13	77129231	77126317	0
13	77139337	77126317	0
13	77139337	77129155	0
13	77144561	77140845	0
13	77146218	77144116	0
13	77146218	77144444	0
13	77270064	77267840	0
13	77270539	77269991	0
13	77270539	77270030	0
13	77296675	77288160	0
13	77326680	77296598	0
13	77327051	77296602	0
13	77602125	77602653	0
13	77602251	77599754	0
13	77602251	77599796	0
13	77602714	77603075	0
13	77604391	77602141	0
13	77698204	77698269	21
13	77899968	77895480	2
13	77899968	77895486	2
13	77899968	77895488	2
13	77899968	77895525	2
13	77899968	77896407	0
13	77899968	77897349	3
13	77899968	77898191	0
13	77900655	77899501	0
13	77900655	77899858	0
13	77901208	77899858	0
13	77944875	77939161	3
13	77975530	77918090	0
13	77990647	77989371	0
13	78277515	78275719	0
13	78603561	78598361	0
13	78635199	78614290	5
13	78789585	78787318	0
13	79322463	79311823	43
13	79322463	79318867	74
13	79322463	79319953	57
13	79366196	79359574	0
13	79366196	79365577	2
13	79366711	79365759	0
13	79366873	79366054	0
13	79377516	79371841	0
13	79378908	79376216	0
13	79378908	79377378	0
13	79405789	79378788	2
13	79406216	79378788	0
13	79406222	79378788	0
13	79406478	79378788	0
13	79422215	79422726	4
13	79479931	79477363	0
13	80047234	79941530	0
13	80047234	80041724	0
13	80047234	80041743	0
13	80047234	80041748	0
13	80055313	80052225	0
13	80055327	80052225	0
13	80055327	80054669	0
13	80057111	80054731	0
13	80058837	80055228	0
13	80058837	80055273	0
13	80060549	80058571	0
13	80069815	80055228	0
13	80069815	80058683	0
13	80073524	80055228	0
13	80121877	80115732	0
13	80339660	80335975	199
13	80340952	80335975	266
13	83877984	83878702	19
13	85068029	85065086	0
13	85698916	85693936	0
13	85798987	85793873	64
13	85799387	85792786	14
13	85799434	85795912	0
13	85799489	85792786	0
13	87380259	87379471	0
13	87428156	87427199	0
13	87428156	87427213	0
13	87445131	87428097	0
13	87447234	87428097	0
13	87447234	87443986	0
13	87447236	87445010	0
13	87460970	87447095	0
13	87615756	87584857	0
13	87615756	87612272	1
13	87619394	87615591	5
13	87621159	87615562	0
13	87670964	87511365	0
13	87671260	87615562	2
13	87803075	87801035	2
13	87803365	87801225	4
13	88477268	88472150	0
13	89216142	89214895	0
13	89218295	89214846	0
13	89500510	89477607	0
13	89551291	89548690	0
13	89553805	89551200	0
13	90066811	90060246	0
13	90066811	90060486	0
13	90893541	90890953	0
13	91089594	91087253	0
13	91130793	91127651	0
13	91131408	91127612	0
13	91349771	91350155	0
13	92340604	92339793	0
13	92706060	92701388	0
13	93830956	93818423	0
13	94187119	94154192	0
13	94443638	94436807	0
13	94443638	94439486	0
13	94443638	94439588	0
13	94462190	94460090	0
13	94465800	94462009	0
13	94465800	94462120	0
13	94466659	94465632	0
13	94469046	94465456	0
13	94576412	94574050	16
13	94578774	94578004	7
13	94579954	94578729	15
13	94581190	94579285	10
13	94581190	94579893	10
13	94700738	94699693	0
13	95034740	95019828	2
13	95034740	95019834	2
13	95034740	95019856	3
13	95034740	95021553	1
13	95034740	95021675	1
13	95043788	95034604	2
13	95044330	95043319	0
13	95044439	95043681	0
13	95071854	95062703	0
13	95073305	95071661	0
13	95073528	95071729	0
13	95074325	95073203	0
13	95074325	95073269	0
13	95075552	95074213	2
13	95075711	95074246	0
13	95083291	95075040	2
13	95083291	95075431	3
13	95116002	95083139	0
13	95116002	95095768	0
13	95116002	95095796	0
13	95116002	95095943	0
13	95166368	95163609	0
13	95166368	95164377	1
13	95170629	95166157	0
13	95170629	95166222	0
13	95177789	95170221	0
13	95177794	95170531	0
13	95497126	95479443	0
13	95584911	95578201	25
13	95584911	95578202	25
13	95584911	95581951	38
13	95584911	95581969	35
13	95586137	95584577	1
13	95586137	95584735	1
13	95599425	95593943	75
13	95606060	95599356	40
13	95606060	95599364	43
13	95641856	95633233	3
13	95641856	95637008	5
13	95642030	95633233	7
13	95676795	95648732	0
13	95676926	95672834	3
13	95833054	95801579	0
13	95854476	95853542	3
13	95856341	95854314	0
13	95856341	95854451	1
13	95863715	95860787	10
13	95867424	95863433	0
13	95867424	95863628	0
13	95877341	95867338	0
13	95877365	95867338	0
13	95877857	95877278	0
13	95884681	95876901	1
13	95884681	95877697	0
13	95983865	95972579	1
13	95983865	95983522	1
13	95983865	95983523	1
13	95986433	95983803	6
13	95986433	95984903	11
13	95986433	95984909	10
13	95986433	95985046	5
13	95996136	95986332	4
13	95996136	95989972	1
13	95996136	95990144	2
13	95996136	95995352	7
13	95996136	95995910	4
13	96948122	96948464	0
13	96948291	96941280	0
13	96955964	96941428	0
13	96989810	96985718	1
13	96989810	96986745	0
13	96989810	96987552	0
13	96989810	96987572	0
13	97179623	97172468	0
13	97347004	97347040	13
13	97677964	97675010	0
13	97953717	97954102	0
13	97953717	97954118	0
13	97953928	97954118	0
13	97954004	97954095	0
13	98002592	98002683	27
13	98177266	98175784	0
13	98328808	98328948	0
13	98328808	98329071	0
13	98333237	98329654	0
13	98435841	98435404	28
13	98446206	98446665	8
13	98446818	98448235	12
13	98449222	98449353	134
13	98449222	98449542	130
13	98457305	98445184	11
13	98457305	98450198	45
13	98457305	98450200	45
13	98457305	98452158	43
13	98457305	98455981	45
13	98460441	98455420	11
13	98460441	98457167	8
13	98461898	98457167	5
13	98474979	98466375	4
13	98475359	98474820	3
13	98475359	98474860	4
13	98508968	98505027	0
13	98519268	98482264	0
13	98519474	98475249	0
13	98519474	98482264	0
13	98576205	98519242	0
13	98576864	98519242	0
13	98577152	98519242	0
13	98577941	98519242	0
13	98686298	98683800	0
13	98721586	98719236	0
13	98721904	98720526	0
13	98721904	98721494	0
13	98796214	98793486	8
13	98797254	98793428	3
13	98797254	98793486	3
13	98797254	98793491	3
13	98797490	98793486	5
13	98800479	98797388	1
13	98805210	98800287	1
13	98807808	98804998	0
13	98808676	98807660	1
13	98809466	98807660	0
13	98809466	98808639	1
13	98809466	98809122	0
13	98810292	98809308	0
13	98810292	98809310	0
13	98810292	98809351	0
13	98824505	98810168	0
13	98824505	98810258	0
13	98831531	98829642	0
13	98831787	98831347	0
13	98831787	98831395	0
13	98831794	98831347	0
13	98837610	98831648	0
13	98837610	98831773	0
13	98845992	98837493	1
13	98846061	98837493	0
13	98846557	98845923	8
13	98846557	98845947	7
13	98847685	98845923	8
13	98848640	98837493	0
13	98848640	98845328	4
13	98848640	98845923	5
13	98853523	98850046	0
13	98854741	98853407	0
13	98855985	98853407	0
13	98856032	98853407	0
13	98860477	98855897	0
13	98860523	98853407	0
13	98860523	98855897	0
13	98863133	98855897	0
13	98863133	98860180	0
13	98863133	98860202	0
13	98863133	98860404	0
13	98879970	98868230	0
13	98888224	98885707	0
13	98888224	98886531	0
13	98888548	98888134	0
13	98888548	98888157	0
13	98955552	98930167	0
13	98959535	98955434	0
13	98977991	98955434	0
13	98978062	98955434	0
13	98978085	98955434	0
13	99015781	98955434	0
13	99016053	98955434	0
13	99086394	98959402	0
13	99086626	98955434	0
13	99200711	99196376	1
13	99200940	99201428	0
13	99256520	99254713	0
13	99256520	99255578	0
13	99258429	99254713	0
13	99258587	99254731	0
13	99307406	99294529	2
13	99417225	99404683	0
13	99431553	99429210	0
13	99495818	99491474	4
13	99496218	99486961	3
13	99496218	99493774	6
13	99496218	99495476	3
13	99496739	99496134	1
13	99496773	99496134	1
13	99497337	99496134	1
13	99497337	99496417	2
13	99501053	99499726	3
13	99690972	99690080	0
13	99727492	99726246	0
13	99891438	99892442	0
13	99891438	99892844	0
13	99971910	99962963	0
13	99985673	99985865	21
