21	10002285	9997958	0
21	10119310	10002916	2
21	10338567	10328410	3
21	10342738	10328935	5
21	10613380	10612454	8
21	10649836	10649399	0
21	13016693	12999675	0
21	13042953	13045162	0
21	13045271	13046235	0
21	13113149	13095304	0
21	13386446	13384248	0
21	13408351	13405180	0
21	13451386	13443372	0
21	13489177	13457789	0
21	13667547	13665867	0
21	13844136	13843132	0
21	13846950	13846012	0
21	13847124	13846758	0
21	13847593	13846758	0
21	13847714	13847062	0
21	13848365	13846758	0
21	13910550	13909573	0
21	13938068	13933837	0
21	13939429	13937534	0
21	13939429	13937945	0
21	13940979	13939245	0
21	13940979	13939373	0
21	13945110	13940814	0
21	13945110	13943743	0
21	13945110	13943768	0
21	13945144	13940814	0
21	13951140	13940814	0
21	13970004	13951231	0
21	13970111	13967380	0
21	13980438	13954065	0
21	14019939	14019059	0
21	14144800	14108812	0
21	14144800	14108892	0
21	14165391	14163418	0
21	14166452	14165222	0
21	14181860	14165222	0
21	14181860	14165250	0
21	14288547	14291285	0
21	14288547	14291569	0
21	14316369	14317472	0
21	14375820	14371114	8
21	14378413	14375651	0
21	14381544	14378198	0
21	14381544	14378341	0
21	14498593	14485227	0
21	14498593	14485228	0
21	14498593	14495699	0
21	14521222	14516891	0
21	14523395	14521149	0
21	14523395	14521172	0
21	14546342	14500528	0
21	14546344	14521149	0
21	14582489	14521149	0
21	14594079	14583649	0
21	14594079	14591929	0
21	14602100	14593719	0
21	14602100	14594012	0
21	14612914	14609481	0
21	14612914	14612504	0
21	14616017	14612504	0
21	14616017	14612875	0
21	14750910	14746761	0
21	14750910	14747745	0
21	14763091	14761709	0
21	14823310	14819698	0
21	14825625	14818842	0
21	14825625	14824253	0
21	14825625	14824326	0
21	14833657	14825522	0
21	14853432	14837181	0
21	14857709	14825522	0
21	14857709	14852970	0
21	14857709	14853273	0
21	14961722	14964084	48
21	14991307	14988140	0
21	15002369	14967995	0
21	15014431	14857541	0
21	15014467	14961234	0
21	15014467	14991200	0
21	15043575	14961234	0
21	15043575	14968154	0
21	15043575	14987953	0
21	15064806	15043494	0
21	15064935	15043494	0
21	15065001	15014343	0
21	15065816	15043494	0
21	15065904	15043494	0
21	15065937	15043494	0
21	15385690	15370510	0
21	15390619	15370499	0
21	15390619	15370500	0
21	15390619	15370501	0
21	15390619	15370521	0
21	15441336	15436681	0
21	15441349	15405879	0
21	15444082	15400497	0
21	15444367	15400497	0
21	15467381	15395462	0
21	15477857	15400497	0
21	15496125	15493931	0
21	15511382	15477787	0
21	15561513	15560715	0
21	15571357	15561200	0
21	15571357	15567181	0
21	15575411	15477787	0
21	15575411	15513864	0
21	15575411	15522858	0
21	15627116	15575269	0
21	15627163	15575269	0
21	15627259	15575269	0
21	15627343	15575269	0
21	15696582	15694299	0
21	15745081	15744003	0
21	16296701	16291790	0
21	16418962	16417138	0
21	16582638	16574717	0
21	16755799	16754518	0
21	16865833	16862874	0
21	17598825	17593652	1
21	17599092	17594089	1
21	17604277	17598616	0
21	17604998	17598616	2
21	17605134	17598720	5
21	17609153	17604859	0
21	17611775	17609006	0
21	17612845	17608971	2
21	17612852	17608774	1
21	17612946	17611656	0
21	17612948	17608971	1
21	17660385	17659275	0
21	17763862	17763314	0
21	17785613	17777403	0
21	17787211	17767585	0
21	17787211	17777403	0
21	17792510	17787027	6
21	17792524	17787027	5
21	17795271	17788966	0
21	17795271	17792803	0
21	17797119	17793246	0
21	17797119	17795207	0
21	17811472	17796722	0
21	17818326	17796581	0
21	17818326	17813876	0
21	17819020	17818191	0
21	17819348	17818191	0
21	17819363	17817720	0
21	17819387	17818191	0
21	17840654	17835015	0
21	18024751	18022369	0
21	18275337	18269115	0
21	18365249	18359756	0
21	18372325	18365139	0
21	18372325	18365240	0
21	18485880	18398198	0
21	18486600	18477357	0
21	18589621	18561264	6
21	18589621	18561614	4
21	18738026	18589526	0
21	18738026	18612061	0
21	18935860	18917933	0
21	18967059	18953263	0
21	19047685	19046309	0
21	19898085	19893278	0
21	20258821	20256751	0
21	20757418	20742920	0
21	20778548	20742589	0
21	20778548	20742594	0
21	20778548	20742920	0
21	20778548	20743738	0
21	21226830	21223294	0
21	21657020	21655037	0
21	21727094	21723292	0
21	21973243	21933314	0
21	22016411	22008943	0
21	22016411	22009157	0
21	22041436	22016299	0
21	22043088	22041173	0
21	22043109	22041219	0
21	22518823	22500603	0
21	23364194	23361103	0
21	23409129	23407657	0
21	23889727	23888797	0
21	23967274	23960904	0
21	24187361	24155169	0
21	24306170	24304545	0
21	24307760	24304549	0
21	24307760	24306101	0
21	24902757	24886675	0
21	24943981	24938430	0
21	24952158	24938430	0
21	24992818	24938430	0
21	25170907	25169430	0
21	25333826	25175240	0
21	25420801	25385819	0
21	25420801	25396193	0
21	25420801	25396486	0
21	25518339	25515472	0
21	25587790	25585655	5
21	25588883	25585655	1
21	25592966	25588834	0
21	25593959	25592811	0
21	25717760	25716502	0
21	25725351	25717660	0
21	25725351	25724479	2
21	25729802	25724697	1
21	25729802	25725225	0
21	25891869	25880549	0
21	25891869	25880550	0
21	25891869	25881330	3
21	25891869	25881331	3
21	25891869	25881513	0
21	25891869	25881609	1
21	25934367	25934909	0
21	25954690	25911740	0
21	25954690	25945523	0
21	25975229	25955626	0
21	25976029	25975069	0
21	25976029	25975189	0
21	25997417	25982343	0
21	26000183	25982343	0
21	26000183	25997187	0
21	26000183	25997359	0
21	26022043	25982343	0
21	26022043	25997359	0
21	26022043	26000014	0
21	26022043	26009595	0
21	26051019	26021839	0
21	26051033	26021839	0
21	26051194	26021839	0
21	26051194	26021921	0
21	26053349	26050999	0
21	26053349	26051159	0
21	26053503	26050999	0
21	26090062	26053235	0
21	26090073	26053235	0
21	26112084	26089510	0
21	26112147	26089942	0
21	26140461	26111978	0
21	26169430	26111984	0
21	26170655	26089942	0
21	26170655	26111978	0
21	26170668	26111978	0
21	26170747	26111978	0
21	26170748	26089942	0
21	26170768	26111978	0
21	26170788	26111978	0
21	26171129	26111978	0
21	26350635	26349779	0
21	26480430	26466208	0
21	26480430	26477970	0
21	26566369	26480271	0
21	26573177	26566265	0
21	26573285	26566265	0
21	26838615	26835746	2
21	26838615	26838092	0
21	26839763	26836286	0
21	26841166	26840275	0
21	26841712	26839874	0
21	26841991	26840997	0
21	26841991	26841076	0
21	26841991	26841119	0
21	26842686	26841857	0
21	26842686	26841968	1
21	26930062	26917911	0
21	26943548	26934465	0
21	26954872	26943379	0
21	27398566	27358884	0
21	27448580	27399531	0
21	28163718	28116093	0
21	28167320	28163601	0
21	28170144	28163601	0
21	28212349	28170077	0
21	28217348	28212305	0
21	28225992	28212239	0
21	28446473	28439345	0
21	28446473	28444548	0
21	28577381	28446289	0
21	28577381	28482956	0
21	28674774	28670980	0
21	28674849	28626584	0
21	28876492	28872190	4
21	28878334	28872190	0
21	28878334	28876311	0
21	28889273	28887279	0
21	28902523	28901778	0
21	28931323	28928143	3
21	28958540	28957331	0
21	28959698	28958385	0
21	28959698	28958449	0
21	28959863	28958405	0
21	28964767	28961316	4
21	28965907	28960516	0
21	28967180	28965864	1
21	28967974	28966894	0
21	28969602	28966369	0
21	29008124	29004383	7
21	29008124	29005758	2
21	29008308	29007760	12
21	29008308	29008063	11
21	29008622	29007760	10
21	29008622	29008239	12
21	29009693	29007899	0
21	29009693	29008394	0
21	29019307	29007875	0
21	29019353	29008394	0
21	29019360	29008239	0
21	29019379	29008394	0
21	29042529	29043422	4
21	29056553	29055804	3
21	29060096	29058072	4
21	29060661	29056321	3
21	29060661	29056323	3
21	29060661	29056328	3
21	29060661	29056455	3
21	29062244	29061495	5
21	29062416	29062127	17
21	29062416	29062208	18
21	29062557	29062168	13
21	29062557	29062327	13
21	29062738	29062327	11
21	29062868	29061495	8
21	29065106	29063351	1
21	29066778	29063351	1
21	29066778	29064967	2
21	29066778	29065075	2
21	29067072	29065059	2
21	29067706	29066715	6
21	29067706	29066890	7
21	29069503	29067555	0
21	29069503	29067589	0
21	29070338	29067555	0
21	29130668	29130794	0
21	29187796	29182026	0
21	29193711	29193930	20
21	29371227	29370018	1
21	29376340	29370058	0
21	29537885	29536932	2
21	29555303	29536932	0
21	29555303	29537705	0
21	29555303	29537797	0
21	29555303	29553251	0
21	29598938	29591111	0
21	29598938	29596525	0
21	29642970	29598793	0
21	29642970	29598829	0
21	29673165	29654809	0
21	29939533	29693895	0
21	29939626	29693895	0
21	29939675	29693895	0
21	29939913	29693895	0
21	29940023	29693895	0
21	29940034	29693895	0
21	30209926	30209150	0
21	31063169	31060599	0
21	31124695	31118415	1
21	31124695	31118417	1
21	31124695	31118457	2
21	31127153	31123938	0
21	31127153	31124521	0
21	31213473	31210044	0
21	31217700	31210044	0
21	31217700	31212630	0
21	31217700	31213397	0
21	31266984	31251741	0
21	31276909	31266009	0
21	31276909	31266295	0
21	31339423	31251741	0
21	31464036	31339242	0
21	31658228	31653592	0
21	31685175	31671032	3
21	31685241	31671032	1
21	31685241	31671227	0
21	31685485	31671032	2
21	31685485	31683994	11
21	31685485	31685048	2
21	31690954	31688306	0
21	31691931	31690796	0
21	31692443	31690820	5
21	31701172	31696112	0
21	31701172	31696568	0
21	31701824	31700994	0
21	31701919	31700758	0
21	31701919	31700994	0
21	31731962	31706273	0
21	31731969	31706273	0
21	31732076	31706273	0
21	32021783	32020965	0
21	32083618	32080315	0
21	32086296	32080315	0
21	32269804	32268218	3
21	32270530	32269706	3
21	32270579	32269607	5
21	32308738	32306463	0
21	32317066	32311017	1
21	32333420	32325228	0
21	32334335	32333112	9
21	32334335	32333316	5
21	32335631	32334208	0
21	32337158	32334162	0
21	32378542	32375397	0
21	32573369	32572237	0
21	32575882	32574095	0
21	32577677	32576658	0
21	32578832	32574840	0
21	32578832	32576658	0
21	32578832	32576847	0
21	32578832	32577425	0
21	32582416	32578693	0
21	32582416	32578821	0
21	32582416	32578822	0
21	32582435	32578693	0
21	32602368	32582199	0
21	32602368	32601666	18
21	32602368	32601784	16
21	32603238	32592078	0
21	32603293	32582199	0
21	32603293	32601666	9
21	32603293	32601702	10
21	32603293	32602271	14
21	32604201	32603160	2
21	32604284	32601666	7
21	32604284	32603160	3
21	32604284	32603224	3
21	32604514	32601809	1
21	32625097	32624415	0
21	32634882	32631777	0
21	32634885	32628758	0
21	32634885	32628762	0
21	32634885	32628763	0
21	32639126	32628763	0
21	32639126	32630989	0
21	32650347	32646392	0
21	32653367	32650183	0
21	32654102	32650183	0
21	32656903	32653287	0
21	32657121	32656686	0
21	32657121	32656690	0
21	32666136	32664912	0
21	32666574	32665942	0
21	32666574	32665985	0
21	32695283	32694227	0
21	32700106	32695056	0
21	32700106	32695225	0
21	32737409	32733898	2
21	32737409	32733899	2
21	32737409	32734819	7
21	32737409	32734825	7
21	32738320	32737253	3
21	32742502	32741418	10
21	32743067	32742359	12
21	32743269	32742960	11
21	32743315	32738172	7
21	32743315	32741392	6
21	32748699	32745573	0
21	32751033	32748498	0
21	32751219	32748558	0
21	32756795	32751118	2
21	32759270	32751118	4
21	32759270	32755212	5
21	32759270	32755229	4
21	32759270	32756341	7
21	32759995	32759079	5
21	32761163	32759401	0
21	32761163	32759776	0
21	32807717	32793720	0
21	32810655	32793563	0
21	32810655	32793684	0
21	32813680	32793564	0
21	32849935	32844366	0
21	33026027	33026800	0
21	33026261	33026800	0
21	33071105	32913648	0
21	33071686	33072051	0
21	33071706	33072051	0
21	33114624	33111698	0
21	33168582	33165469	0
21	33168582	33165610	0
21	33266261	33263872	10
21	33436993	33432484	9
21	33439298	33432484	0
21	33439298	33432797	5
21	33439298	33436882	0
21	33439298	33436883	0
21	33449190	33447017	0
21	33449411	33448781	13
21	33450864	33439213	0
21	33455785	33448781	0
21	33455785	33449134	0
21	33455785	33450520	0
21	33455785	33450546	0
21	33465410	33460412	0
21	33467123	33465341	0
21	33467123	33465377	0
21	33467136	33465017	0
21	33468927	33460412	0
21	33468927	33467009	0
21	33469684	33468786	0
21	33479290	33469530	0
21	33479937	33468786	0
21	33479944	33468786	0
21	33479949	33468419	0
21	33480012	33468786	0
21	33483060	33482498	0
21	33489425	33485529	0
21	33491474	33487814	0
21	33491474	33488207	0
21	33491692	33488218	0
21	33491721	33488189	0
21	33504528	33503930	72
21	33504528	33503932	72
21	33506105	33505560	1
21	33509921	33505973	5
21	33510334	33506039	4
21	33511305	33509187	9
21	33511459	33509782	5
21	33520563	33517356	0
21	33521016	33520363	0
21	33521016	33520521	0
21	33522283	33520905	0
21	33524829	33522187	0
21	33525001	33522187	0
21	33525001	33522190	0
21	33528336	33524008	11
21	33528336	33524768	7
21	33528605	33528166	21
21	33528605	33528265	23
21	33528765	33524768	11
21	33528938	33528166	6
21	33528938	33528514	3
21	33528938	33528518	3
21	33528938	33528562	3
21	33530885	33528849	9
21	33530885	33529566	9
21	33531283	33528849	5
21	33531558	33530709	3
21	33531558	33530758	2
21	33531558	33530786	2
21	33532457	33531335	4
21	33532457	33531488	4
21	33534631	33532344	0
21	33534673	33531772	1
21	33534680	33532344	0
21	33534754	33532344	0
21	33535321	33534578	0
21	33535321	33534586	0
21	33560955	33559541	1
21	33573373	33560740	0
21	33575668	33575777	2
21	33578364	33573289	13
21	33578445	33575476	47
21	33579418	33577535	9
21	33579563	33577560	3
21	33579563	33577904	3
21	33579563	33577916	3
21	33579563	33577941	3
21	33579563	33578200	0
21	33579563	33578298	0
21	33579615	33577923	0
21	33581501	33578241	5
21	33581501	33579349	2
21	33581501	33579523	3
21	33582055	33581174	2
21	33582056	33581301	3
21	33584727	33583487	2
21	33584769	33579349	1
21	33584769	33581950	0
21	33584769	33582164	0
21	33584769	33583487	0
21	33586061	33584589	1
21	33586159	33584589	2
21	33586182	33582164	2
21	33586182	33583487	1
21	33586182	33584589	2
21	33586182	33584686	3
21	33587603	33584589	4
21	33591208	33589340	0
21	33591208	33589385	0
21	33591208	33589544	0
21	33591208	33589768	0
21	33591212	33589466	0
21	33591229	33589559	0
21	33591372	33589467	0
21	33591719	33589460	4
21	33595615	33591161	0
21	33595837	33591161	0
21	33595837	33594506	4
21	33595837	33594642	1
21	33595837	33594661	1
21	33595837	33595336	0
21	33595837	33595355	0
21	33597401	33595730	0
21	33597402	33595130	0
21	33597402	33595730	0
21	33599249	33595730	0
21	33599249	33596061	0
21	33599249	33597279	0
21	33599286	33597279	0
21	33602257	33599149	0
21	33602266	33599149	0
21	33602346	33589616	0
21	33602346	33597279	0
21	33602346	33599149	0
21	33602346	33599195	0
21	33603449	33602233	0
21	33603538	33602233	0
21	33603538	33602266	0
21	33603538	33602331	0
21	33603538	33602332	0
21	33613561	33603403	0
21	33613607	33603155	0
21	33613607	33603403	0
21	33616751	33613537	0
21	33616751	33616286	0
21	33617177	33613537	0
21	33622069	33603403	0
21	33622069	33613537	0
21	33631528	33624682	0
21	33631558	33624682	0
21	33633703	33631485	0
21	33641306	33631485	0
21	33641306	33639744	0
21	33641721	33631485	0
21	33641723	33631485	0
21	33641731	33624682	0
21	33641731	33631485	0
21	33641742	33631485	0
21	33641746	33624682	0
21	33641748	33631485	0
21	33641761	33631485	0
21	33641919	33631485	0
21	33642339	33631485	0
21	33643927	33631492	0
21	33829051	33829623	2
21	33829169	33829623	2
21	33904022	33903452	6
21	33904022	33903455	6
21	33904022	33903456	6
21	33907454	33585977	1
21	33909096	33907340	2
21	33909212	33903934	3
21	33909212	33906448	2
21	33909212	33907340	1
21	33912400	33907340	2
21	33912400	33908813	0
21	33912400	33909081	0
21	33914501	33912288	0
21	33914501	33912366	0
21	33914501	33912377	0
21	33915769	33912288	0
21	33931608	33915727	0
21	33968574	33967100	0
21	33969643	33976384	0
21	33976552	33976727	0
21	34102909	34103496	93
21	34125142	34125340	5
21	34375349	34370801	0
21	34423967	34418714	0
21	34455742	34449244	0
21	34458737	34446689	0
21	34458737	34449244	0
21	34458765	34446687	0
21	34458765	34449055	0
21	34511244	34458653	0
21	34511316	34458653	0
21	34511326	34446687	0
21	34511340	34458653	0
21	34512208	34509455	0
21	34512276	34511100	0
21	34521584	34513141	88
21	34521659	34516444	31
21	34521659	34516483	30
21	34523711	34521059	1
21	34523711	34521498	0
21	34524290	34521498	2
21	34524638	34523536	7
21	34525468	34523536	4
21	34525609	34523536	5
21	34526825	34523536	7
21	34526964	34523536	8
21	34559420	34523545	0
21	34560180	34523536	0
21	34613844	34523536	0
21	34614447	34523536	0
21	34615143	34523536	0
21	34724197	34723806	0
21	34799463	34787800	24
21	34799463	34791754	27
21	34799463	34791785	26
21	34829971	34821278	1
21	34834602	34799300	4
21	34834602	34821278	0
21	34856448	34832960	1
21	34859579	34799300	2
21	34859579	34834409	0
21	34859579	34856288	0
21	34880714	34859473	0
21	34887097	34880556	0
21	34887097	34880605	0
21	34887184	34880556	0
21	34888691	34880556	2
21	34889791	34886842	41
21	34892964	34886842	1
21	34892964	34887045	7
21	35048959	34880556	0
21	35048959	34886842	0
21	35048959	34892924	0
21	35049345	34892924	0
21	35065073	35048841	0
21	35065073	35064715	0
21	35462026	35064935	0
21	35462026	35372506	0
21	35462026	35435660	0
21	35580761	35461960	0
21	35580930	35461960	0
21	35654876	35580659	0
21	35732943	35713138	0
21	35864468	35654819	0
21	35970168	35864284	0
21	35970168	35954659	0
21	36036252	36034540	11
21	36036252	36034541	11
21	36038274	36034540	6
21	36038274	36036084	3
21	36043957	36041806	11
21	36046012	36043685	5
21	36046012	36043697	5
21	36046012	36043781	5
21	36048397	36045581	2
21	36048397	36045613	6
21	36048397	36045630	6
21	36048397	36045782	6
21	36048397	36045863	1
21	36053621	36045581	0
21	36053621	36048307	0
21	36053621	36048321	0
21	36057200	36052916	0
21	36057205	36053582	0
21	36057205	36053588	0
21	36057302	36053582	0
21	36071058	36071193	3
21	36074968	36069641	0
21	36075603	36074880	0
21	36079390	36058815	0
21	36098260	36074880	0
21	36126641	36098123	0
21	36133762	36131785	1
21	36133762	36132774	0
21	36133762	36132779	0
21	36133762	36132788	0
21	36134007	36132800	0
21	36134874	36132799	0
21	36135590	36132800	0
21	36137177	36132772	0
21	36137216	36132801	0
21	36137230	36132772	0
21	36137309	36132799	0
21	36137392	36132799	0
21	36145077	36137093	0
21	36146319	36144978	0
21	36146356	36131766	1
21	36146356	36132772	1
21	36146356	36133686	0
21	36146356	36137093	0
21	36146356	36141395	0
21	36146866	36132799	0
21	36147626	36141406	1
21	36150711	36146255	0
21	36156269	36146255	0
21	36156296	36146255	0
21	36156307	36146255	0
21	36156308	36146255	0
21	36156318	36146255	0
21	36156337	36132802	0
21	36170569	36132799	0
21	36466442	36460620	0
21	36477564	36460620	0
21	36480091	36460620	0
21	36487412	36485982	0
21	36510501	36460620	0
21	36542601	36510362	0
21	36542856	36526279	0
21	36576570	36510362	0
21	36637034	36632680	0
21	36701565	36698772	0
21	36745137	36745794	0
21	36756756	36750887	2
21	36756756	36751191	0
21	36806285	36803983	0
21	36897132	36767217	0
21	36930418	36896569	0
21	36930434	36896859	0
21	36937393	36930250	0
21	36938995	36936448	0
21	36938995	36937167	0
21	36938995	36937184	0
21	36938995	36937213	0
21	36946155	36938831	0
21	36948288	36938831	0
21	36962171	36938831	0
21	36980629	36962035	0
21	36980965	36962035	0
21	36990225	36962035	0
21	36990237	36962035	0
21	37067381	37059169	0
21	37067381	37062845	0
21	37067381	37065373	0
21	37069625	37067261	0
21	37072311	37069551	2
21	37072538	37067261	2
21	37072538	37069551	2
21	37072724	37069266	2
21	37072812	37069551	1
21	37087876	37088195	0
21	37193927	37187665	0
21	37227807	37223419	1
21	37227807	37225298	2
21	37227807	37225471	2
21	37227807	37225515	2
21	37227807	37225543	2
21	37228374	37227653	2
21	37229484	37223419	3
21	37231591	37230517	0
21	37231976	37229144	1
21	37232452	37228222	2
21	37233443	37231492	5
21	37233443	37232376	1
21	37238610	37232376	1
21	37238610	37233291	1
21	37238610	37233361	1
21	37240640	37238204	0
21	37240640	37238459	0
21	37266848	37240495	0
21	37267154	37261081	0
21	37267302	37238355	5
21	37267319	37240495	0
21	37267341	37261081	0
21	37267347	37240495	0
21	37267352	37232376	0
21	37267404	37240495	0
21	37267533	37238459	0
21	37267533	37240495	0
21	37267920	37240495	0
21	37715132	37607375	0
21	37715132	37623558	0
21	37719570	37717101	0
21	37840710	37714210	0
21	37953006	37951424	0
21	38010619	38006543	0
21	38094841	38093243	0
21	38120409	37840657	0
21	38120409	37952820	0
21	38120409	38054010	0
21	38238202	38237216	0
21	38325955	38323634	0
21	38332478	38325782	0
21	38332478	38326351	0
21	38391043	38380026	0
21	38391043	38380029	0
21	38391043	38383125	0
21	38391043	38383290	0
21	38391716	38390994	0
21	38392445	38391658	0
21	38400646	38391658	0
21	38400646	38392375	0
21	38400646	38395369	0
21	38400646	38400007	0
21	38402638	38391658	0
21	38402638	38392375	0
21	38402638	38400071	0
21	38402638	38400573	0
21	38403710	38402556	0
21	38423562	38403505	0
21	38423562	38403603	0
21	38474122	38445403	0
21	38474122	38470774	0
21	38498443	38445403	0
21	38498477	38423409	0
21	38498484	38445403	0
21	38575748	38423409	0
21	38575748	38445403	0
21	38575748	38474026	0
21	38740415	38739020	0
21	38901966	38863675	0
21	38901966	38876086	0
21	38901966	38880306	0
21	38908256	38901900	0
21	38912922	38908155	0
21	38915095	38913186	0
21	38915095	38913312	0
21	38915149	38912737	0
21	38919517	38917299	0
21	38920840	38919317	0
21	38923694	38901900	0
21	38923694	38914990	0
21	38923785	38901900	0
21	38977568	38974428	0
21	38991025	38988706	0
21	39008232	39006647	0
21	39029129	39028535	0
21	39177572	39174768	1
21	39177572	39175457	3
21	39177572	39175587	5
21	39177572	39175589	5
21	39197416	39184175	1
21	39197416	39187245	4
21	39197416	39193816	5
21	39199663	39190218	3
21	39199663	39196497	0
21	39200387	39198762	0
21	39200497	39199418	0
21	39202546	39200218	0
21	39206275	39202324	0
21	39206275	39202365	0
21	39210148	39206107	0
21	39210930	39209785	0
21	39210930	39209994	0
21	39212708	39209994	0
21	39218273	39215236	0
21	39218661	39215236	0
21	39219806	39217092	0
21	39236785	39232372	0
21	39238574	39236594	0
21	39238574	39236717	0
21	39238574	39236718	0
21	39278814	39277250	0
21	39280208	39278496	0
21	39280214	39278742	0
21	39280249	39278742	0
21	39298583	39296264	6
21	39312901	39296436	0
21	39312901	39298089	0
21	39312901	39298431	0
21	39313102	39312562	0
21	39313102	39312840	0
21	39321560	39313240	0
21	39345275	39342314	7
21	39345275	39342645	6
21	39345275	39342691	5
21	39345275	39342787	9
21	39345275	39342799	9
21	39345275	39342803	9
21	39345275	39342878	9
21	39345275	39342908	9
21	39345275	39342977	9
21	39345275	39343008	9
21	39345275	39343136	7
21	39347293	39345145	50
21	39347293	39345829	50
21	39347479	39345145	54
21	39347479	39345829	53
21	39347484	39345145	51
21	39347484	39345829	53
21	39347484	39347146	43
21	39347484	39347246	41
21	39348340	39342314	16
21	39348340	39345145	45
21	39348340	39345829	25
21	39348340	39347246	31
21	39348340	39347335	28
21	39348340	39347378	30
21	39348340	39347491	35
21	39348452	39345145	48
21	39348452	39348291	17
21	39348578	39345145	24
21	39348578	39348064	17
21	39348578	39348291	8
21	39348578	39348421	2
21	39348598	39348421	4
21	39348621	39348421	2
21	39348624	39348421	3
21	39348863	39348421	13
21	39348992	39348544	24
21	39349016	39348544	19
21	39349021	39347994	24
21	39349041	39348544	16
21	39349054	39348544	15
21	39349055	39348291	33
21	39349055	39348421	24
21	39349055	39348544	15
21	39349068	39348544	18
21	39349089	39348544	19
21	39349100	39348544	20
21	39349141	39348544	21
21	39349201	39348544	24
21	39349345	39348544	1
21	39349648	39348544	0
21	39374899	39373762	0
21	39390864	39391226	2
21	39406059	39406561	0
21	39406299	39406561	0
21	39410097	39405843	0
21	39410097	39405859	0
21	39410097	39405977	0
21	39411803	39410263	0
21	39420844	39411717	0
21	39423084	39420705	0
21	39423491	39420705	0
21	39427906	39423239	0
21	39428504	39421559	0
21	39428504	39422975	0
21	39428504	39423244	0
21	39428523	39422975	0
21	39429212	39422411	0
21	39429212	39422975	0
21	39429212	39422987	0
21	39429212	39427758	1
21	39429212	39428171	1
21	39429212	39428207	1
21	39429212	39428209	1
21	39429212	39428214	1
21	39429212	39428221	2
21	39429212	39428284	2
21	39429212	39428304	3
21	39429395	39423419	0
21	39429395	39428171	0
21	39429395	39428401	1
21	39429395	39428461	0
21	39435543	39428171	0
21	39435574	39428171	0
21	39444202	39429130	0
21	39444202	39435419	0
21	39444202	39436096	0
21	39444202	39438683	0
21	39444202	39439633	0
21	39444746	39444134	0
21	39445734	39429130	0
21	39445734	39435419	0
21	39445734	39444134	0
21	39445753	39444134	0
21	39445754	39443458	0
21	39445761	39444134	0
21	39445762	39435419	0
21	39445770	39435419	0
21	39445770	39436096	0
21	39445770	39439633	0
21	39445770	39444134	0
21	39445778	39429130	0
21	39445778	39435419	0
21	39445778	39444134	0
21	39445779	39435419	0
21	39445781	39444134	0
21	39445804	39444134	0
21	39445806	39444134	0
21	39599657	39597146	0
21	39609666	39597146	0
21	39609666	39605598	0
21	39729260	39729503	0
21	40042674	40010998	0
21	40042674	40012413	0
21	40042674	40012900	0
21	40276271	40189041	0
21	40383409	40383505	0
21	40621401	40615377	0
21	40621401	40618506	0
21	40692957	40369098	0
21	41145336	41143179	0
21	41147424	41143141	0
21	41148134	41141492	0
21	41180285	41180432	0
21	41180574	41176445	0
21	41182246	41180531	0
21	41186321	41182149	0
21	41186343	41176321	0
21	41186343	41180471	0
21	41345737	41346208	0
21	41363417	41364403	0
21	41421872	41421974	0
21	41442747	41441055	0
21	41445709	41442664	0
21	41467887	41464550	0
21	41467887	41464552	0
21	41467887	41466008	0
21	41468103	41465889	0
21	41468539	41467733	0
21	41468838	41467765	0
21	41473497	41471805	0
21	41476621	41473324	0
21	41476621	41473445	0
21	41488514	41480475	0
21	41489594	41480475	0
21	41489594	41488393	0
21	41489594	41488488	0
21	41494579	41489506	0
21	41498190	41486466	0
21	41498190	41489506	0
21	41498190	41494355	0
21	41530219	41498118	0
21	41531099	41529788	0
21	41531117	41529972	0
21	41560453	41559124	0
21	41581320	41576134	0
21	41713001	41712156	0
21	41713673	41711519	0
21	41713673	41712815	0
21	41713673	41712855	0
21	41715284	41712855	2
21	41739672	41741146	41
21	41744141	41739368	7
21	41749204	41746612	2
21	41798744	41798224	20
21	41798744	41798226	22
21	41800701	41798582	18
21	41801723	41798582	18
21	41801723	41800183	25
21	41802922	41798224	2
21	41802922	41800183	1
21	41802922	41800993	0
21	41802922	41801656	0
21	41803119	41801627	2
21	41804615	41802711	0
21	41804615	41802893	1
21	41804724	41802711	0
21	41821231	41820094	0
21	41822038	41821066	0
21	41822038	41821190	0
21	41826055	41821902	0
21	41826055	41823317	0
21	41828282	41825959	0
21	41828334	41825959	0
21	41828334	41825976	0
21	41834565	41825959	0
21	41834565	41828165	0
21	41835519	41828165	0
21	41835525	41825959	0
21	41835525	41828165	0
21	41835525	41828320	0
21	41877360	41874755	1
21	41878861	41871493	0
21	41879474	41860326	1
21	41899348	41885111	0
21	41899363	41885111	0
21	41899363	41886672	0
21	41901653	41899052	0
21	41901750	41899052	0
21	41905838	41900952	0
21	41905838	41901621	0
21	41912441	41909458	0
21	41914722	41912159	0
21	41914722	41912331	0
21	41953520	41952945	0
21	41953891	41942146	0
21	41994109	41986830	20
21	42002504	41988636	0
21	42002564	41993947	0
21	42002962	41986830	0
21	42002962	41991405	0
21	42002962	41992492	0
21	42002962	41993947	0
21	42008058	41993739	0
21	42010358	42009466	0
21	42010388	41988636	0
21	42102279	42103867	0
21	42108535	42102133	0
21	42111122	42111505	0
21	42288038	42288210	0
21	42288074	42288210	0
21	42313494	42312073	0
21	42313632	42311666	0
21	42313676	42312052	0
21	42313687	42312052	0
21	42347633	42346356	0
21	42347633	42346373	0
21	42347633	42346421	0
21	42363408	42362281	0
21	42375869	42371836	0
21	42375869	42371886	0
21	42375869	42371889	0
21	42382235	42380116	0
21	42382754	42381877	0
21	42383199	42381875	0
21	42383199	42382064	0
21	42383752	42380116	0
21	42476048	42472485	0
21	42476048	42472696	0
21	42496934	42497232	0
21	42513925	42514630	0
21	42561935	42560373	0
21	42615059	42599279	0
21	42651245	42648270	0
21	42741759	42733593	0
21	42778318	42777818	0
21	42782230	42781073	0
21	42835034	42831039	10
21	42850243	42843093	24
21	42852325	42849225	2
21	42852325	42850040	1
21	42854627	42853568	0
21	42855781	42854561	0
21	42859723	42855681	0
21	42859723	42855683	0
21	42862395	42859661	0
21	42863597	42862281	0
21	42925647	42916802	0
21	42965364	42964638	0
21	43053984	43053190	40
21	43056100	43053754	1
21	43056100	43055582	1
21	43056100	43055597	1
21	43056888	43053190	2
21	43056888	43053788	2
21	43056888	43053861	3
21	43056888	43055071	2
21	43056888	43056057	1
21	43059304	43058833	2
21	43059740	43058833	4
21	43060521	43059225	5
21	43060547	43059225	4
21	43060547	43059275	6
21	43062396	43060440	0
21	43063079	43062310	0
21	43063249	43061918	0
21	43065696	43065386	0
21	43066378	43065615	0
21	43067961	43066242	0
21	43068405	43066242	0
21	43068616	43066242	0
21	43068616	43067777	0
21	43072202	43068320	0
21	43072202	43068403	0
21	43072202	43068508	0
21	43075832	43073265	0
21	43075865	43073265	0
21	43075946	43073265	0
21	43076289	43075106	0
21	43076363	43073265	0
21	43076379	43073265	0
21	43076944	43073265	0
21	43094564	43092955	12
21	43094564	43092956	12
21	43094564	43093189	22
21	43094789	43094470	10
21	43095744	43095437	4
21	43095944	43094470	7
21	43096391	43092955	9
21	43100520	43095693	7
21	43100520	43095701	7
21	43100615	43095693	8
21	43101433	43095693	14
21	43101433	43100452	16
21	43101908	43100452	14
21	43104403	43095693	13
21	43104403	43097621	19
21	43104403	43100452	9
21	43104403	43100576	8
21	43104403	43101365	15
21	43104477	43101365	15
21	43105253	43100452	12
21	43107525	43100452	7
21	43141093	43140522	0
21	43161253	43159065	0
21	43170410	43170516	0
21	43326241	43322416	0
21	43362350	43358146	0
21	43417775	43414482	0
21	43419479	43419020	2
21	43419923	43419293	2
21	43420006	43419352	3
21	43420458	43419858	0
21	43421134	43420233	0
21	43421134	43420437	0
21	43421368	43421009	2
21	43421368	43421111	7
21	43421800	43421242	2
21	43422006	43421242	0
21	43422038	43421637	0
21	43422038	43421675	0
21	43422113	43421637	0
21	43425524	43421973	0
21	43426193	43425305	0
21	43426193	43425406	0
21	43452506	43453120	0
21	43462526	43462111	0
21	43463490	43462111	0
21	43464974	43462093	0
21	43471593	43470432	2
21	43471695	43462093	0
21	43476040	43471511	0
21	43476752	43475924	0
21	43478224	43475971	0
21	43592329	43529191	0
21	43613948	43592224	0
21	43630455	43613829	0
21	43630455	43613850	0
21	43741573	43741666	0
21	43741577	43741666	0
21	43748469	43748364	4
21	43774760	43772510	4
21	43776239	43772510	3
21	43776319	43772520	5
21	43776446	43774657	1
21	43792730	43793318	6
21	43807240	43805757	0
21	43810332	43805757	1
21	43812568	43805757	1
21	44047042	44046346	0
21	44089581	44089832	0
21	44089754	44089832	0
21	44096714	44098356	1
21	44121103	44122176	1
21	44124728	44126010	0
21	44126966	44127574	3
21	44133839	44134101	7
21	44144917	44145570	113
21	44159355	44159014	2
21	44160073	44158739	1
21	44160077	44159278	0
21	44175153	44172168	0
21	44177620	44174817	0
21	44194339	44190347	0
21	44201958	44200912	3
21	44202865	44200615	1
21	44206791	44201822	0
21	44230090	44217013	0
21	44230090	44222990	0
21	44230090	44226833	0
21	44231445	44226833	0
21	44231445	44230053	0
21	44249112	44246338	0
21	44249112	44246351	0
21	44250950	44249025	0
21	44251239	44250809	0
21	44251699	44250809	0
21	44287134	44287516	0
21	44288459	44289227	0
21	44288459	44289656	0
21	44289417	44289656	0
21	44293026	44293107	0
21	44314022	44316243	2
21	44319416	44320083	8
21	44320148	44321728	5
21	44324918	44325152	0
21	44325265	44325731	12
21	44325265	44325960	12
21	44329820	44328943	17
21	44330047	44328943	26
21	44330222	44329630	34
21	44330917	44329890	14
21	44330920	44328943	13
21	44330920	44329890	13
21	44331969	44330822	19
21	44332015	44329890	23
21	44332015	44330462	16
21	44332015	44330822	23
21	44333254	44331842	12
21	44333263	44330462	13
21	44333263	44331842	12
21	44333465	44331961	9
21	44335805	44331842	6
21	44335805	44333032	4
21	44336921	44335757	8
21	44337668	44333032	3
21	44337668	44334060	1
21	44337668	44335757	1
21	44391443	44391502	0
21	44416741	44414594	0
21	44423482	44414587	0
21	44425712	44425712	4
21	44425743	44425743	4
21	44451770	44450985	0
21	44470928	44469928	0
21	44504882	44497891	0
21	44504882	44499097	0
21	44509387	44504779	0
21	44509387	44508506	0
21	44522113	44509198	0
21	44525840	44521882	0
21	44527519	44525652	0
21	44551506	44550434	0
21	44568006	44533684	0
21	44573777	44573821	0
21	44573817	44567784	0
21	44574047	44574529	0
21	44574614	44574706	0
21	44627349	44628066	0
21	44627513	44627731	0
21	44627883	44627963	0
21	44637714	44637899	0
21	44690607	44567784	0
21	44697553	44697603	0
21	44697694	44697741	0
21	44711548	44690544	0
21	44711573	44567784	0
21	44711581	44567784	0
21	44773688	44768579	12
21	44773688	44770930	13
21	44773688	44770971	9
21	44773688	44771278	15
21	44773688	44771294	14
21	44774742	44773547	65
21	44774821	44773546	60
21	44775437	44769039	16
21	44777418	44773546	43
21	44777418	44774530	48
21	44777418	44774566	50
21	44777418	44774720	72
21	44779217	44777298	4
21	44785792	44777376	2
21	44787966	44776833	1
21	44787966	44777253	2
21	44787966	44777298	2
21	44801399	44788059	4
21	44801745	44788059	7
21	44801769	44801283	26
21	44801775	44801283	23
21	44801780	44788059	3
21	44801802	44788059	3
21	44801805	44788059	3
21	44801809	44799989	13
21	44801820	44777298	3
21	44801824	44788059	2
21	44801827	44788059	2
21	44802020	44788059	3
21	44809119	44805616	4
21	44809119	44808270	1
21	44814105	44805616	0
21	44814105	44808996	0
21	44814105	44809046	0
21	44817969	44813975	2
21	44818052	44813975	2
21	44818106	44813509	0
21	44818130	44809046	0
21	44818130	44813861	0
21	44818130	44813975	0
21	44818780	44813975	0
21	44855257	44849584	2
21	44855257	44851406	5
21	44856365	44855209	3
21	44856365	44855227	3
21	44856365	44855237	3
21	44861272	44849584	3
21	44861272	44856192	2
21	44861934	44861162	3
21	44865448	44849585	2
21	44865448	44856192	2
21	44865448	44861162	1
21	44865448	44861173	1
21	44886903	44885952	0
21	44886903	44885955	0
21	44886903	44886332	0
21	44899163	44892916	0
21	44899163	44894970	0
21	44900476	44899066	0
21	44901734	44900319	0
21	44903536	44901491	0
21	44903536	44901550	0
21	44907096	44901491	0
21	44907096	44903364	0
21	44907096	44903383	0
21	44907096	44903502	0
21	44907096	44903507	0
21	44907096	44903514	0
21	44908183	44906914	0
21	44910373	44906914	0
21	44910373	44907031	0
21	44910373	44907986	0
21	44910373	44908073	0
21	44910416	44906914	0
21	44910416	44906924	0
21	44910631	44910283	0
21	44910689	44909319	0
21	44910742	44910283	0
21	44910786	44906914	0
21	44910786	44910283	0
21	44910827	44910283	0
21	44911178	44910724	0
21	44911461	44910724	0
21	44914284	44910724	0
21	44920856	44910724	0
21	44920876	44910724	0
21	44920897	44910724	0
21	44920900	44910599	0
21	44920928	44910320	0
21	44920928	44910724	0
21	44920933	44903364	0
21	44920943	44910599	0
21	44920961	44910724	0
21	44920963	44910724	0
21	44921051	44910724	0
21	44921134	44910724	0
21	44928719	44920820	0
21	44928839	44910724	1
21	44928874	44920820	1
21	44931990	44920820	0
21	44934974	44932813	4
21	44935097	44932813	6
21	44935891	44934724	2
21	44935891	44934933	3
21	44937683	44935626	1
21	44939914	44935626	1
21	44994070	44989863	0
21	44994087	44989863	0
21	45004728	44999207	0
21	45074166	45071732	5
21	45222108	45225546	33
21	45223578	45225546	21
21	45266228	45263927	19
21	45266228	45263978	19
21	45266376	45265373	7
21	45267714	45263927	16
21	45267714	45263928	16
21	45267714	45265399	16
21	45267714	45266021	18
21	45270020	45263927	2
21	45270020	45267589	0
21	45270020	45267697	1
21	45270092	45267525	1
21	45270095	45267589	1
21	45277143	45269838	0
21	45277143	45269840	0
21	45277143	45269850	0
21	45282460	45278102	3
21	45282939	45282348	5
21	45283495	45282348	3
21	45283528	45282348	3
21	45283528	45282368	3
21	45285692	45283382	6
21	45285929	45278102	0
21	45285929	45282348	0
21	45285929	45283382	3
21	45285929	45285268	6
21	45287885	45285677	0
21	45287892	45285677	0
21	45287893	45285482	0
21	45287897	45285677	0
21	45287899	45285677	0
21	45293523	45296201	9
21	45294908	45296024	14
21	45303516	45300244	0
21	45341991	45338589	0
21	45379625	45378200	0
21	45379636	45378335	0
21	45408100	45407385	0
21	45422662	45419715	0
21	45493576	45494544	0
21	45494572	45494861	0
21	45494916	45495357	0
21	45498613	45493571	0
21	45504122	45502512	2
21	45513559	45512824	52
21	45515134	45512361	60
21	45515153	45513418	73
21	45515769	45514895	123
21	45525959	45498200	2
21	45525959	45498345	2
21	45525959	45513775	14
21	45525959	45514714	5
21	45525959	45515517	2
21	45532149	45530769	11
21	45534707	45531388	0
21	45537934	45535983	2
21	45538009	45531388	3
21	45538009	45531790	2
21	45538009	45531873	3
21	45541839	45537770	2
21	45542472	45537770	2
21	45543860	45537777	1
21	45544401	45537770	0
21	45544412	45537770	0
21	45749476	45749872	0
21	45750304	45751002	0
21	45750342	45751002	0
21	45832659	45827960	0
21	45987176	45987498	3
21	46097531	46093263	0
21	46137054	46136261	0
21	46137074	46136261	0
21	46137335	46136261	0
21	46137335	46136778	0
21	46137335	46136914	0
21	46137335	46136978	1
21	46137335	46136984	1
21	46138573	46137238	0
21	46138647	46137238	0
21	46138924	46138507	0
21	46139053	46138529	0
21	46142742	46138507	0
21	46145579	46138507	0
21	46145948	46145416	0
21	46146328	46145817	0
21	46146328	46145827	0
21	46146605	46145828	0
21	46153036	46151557	0
21	46153036	46151891	0
21	46162068	46161147	1
21	46162068	46161160	1
21	46191236	46188140	81
21	46191236	46188445	66
21	46191960	46188445	14
21	46191960	46188473	14
21	46191960	46189123	14
21	46191960	46190782	8
21	46191960	46191065	4
21	46193371	46189124	9
21	46193488	46191075	21
21	46195757	46194490	3
21	46196268	46195675	2
21	46196372	46195675	1
21	46215794	46215179	0
21	46216525	46215684	0
21	46219573	46216388	0
21	46221976	46219475	0
21	46222739	46221853	0
21	46227691	46221853	0
21	46227691	46222629	2
21	46227691	46222662	2
21	46228600	46227318	0
21	46228600	46227551	0
21	46228763	46227551	0
21	46228825	46227551	0
21	46236980	46235125	4
21	46236980	46235132	4
21	46241018	46236828	8
21	46242932	46240810	11
21	46243723	46242801	2
21	46245198	46243464	7
21	46246405	46244806	3
21	46246887	46244806	3
21	46251683	46246306	1
21	46251683	46246627	2
21	46252835	46251548	3
21	46254134	46251811	1
21	46254527	46251514	1
21	46254527	46251528	1
21	46256987	46254775	1
21	46259092	46256788	0
21	46259097	46256475	0
21	46259266	46256788	0
21	46260907	46258938	0
21	46270564	46266981	6
21	46272624	46270262	0
21	46272830	46270400	0
21	46285395	46283614	64
21	46285898	46285290	15
21	46286185	46285004	27
21	46286298	46284067	8
21	46300795	46300180	4
21	46302155	46300429	7
21	46302155	46300510	6
21	46302155	46301129	20
21	46302577	46300353	5
21	46302577	46301129	7
21	46302577	46301133	10
21	46302577	46301709	14
21	46302577	46301996	10
21	46314881	46311455	6
21	46315050	46311455	13
21	46315548	46311455	6
21	46315548	46314715	4
21	46315548	46314870	6
21	46317269	46314870	3
21	46317269	46315473	1
21	46317349	46315473	2
21	46318221	46315473	4
21	46556092	46556938	1
21	46557070	46557584	3
21	46600376	46598961	1
21	46602417	46598961	1
21	46602894	46599280	2
21	46635764	46636438	4
21	46648539	46648539	10
21	46658799	46658799	47
21	46660963	46661799	12
21	5079735	5079293	2
21	5118848	5116340	4
21	5118848	5116342	4
21	5118848	5116936	6
21	5121804	5079683	2
21	5121804	5118690	7
21	5121804	5120633	7
21	5121804	5120635	7
21	5124869	5121710	6
21	5124876	5079683	1
21	5124876	5118690	10
21	5124876	5121448	6
21	5124876	5121710	4
21	5124876	5122012	4
21	5125179	5124485	4
21	5125993	5124755	4
21	5133501	5125878	5
21	5133501	5130870	5
21	5133806	5133425	5
21	5133806	5133452	7
21	5134480	5133901	0
21	5135155	5133901	1
21	5135155	5134360	3
21	5136044	5135088	0
21	5137475	5134198	0
21	5137475	5135934	0
21	5137940	5136987	0
21	5139879	5137326	0
21	5141104	5135934	0
21	5143293	5142531	3
21	5144235	5143221	0
21	5147433	5146657	0
21	5147879	5147288	0
21	5147879	5147348	0
21	5147879	5147389	0
21	5159275	5155498	34
21	5159275	5157011	9
21	5243834	5232667	0
21	5500102	5499150	1
21	5500102	5499154	1
21	5502498	5499556	0
21	5502498	5500066	1
21	5502543	5499998	0
21	5584976	5585822	3
21	5585064	5585822	2
21	5709457	5707003	0
21	6087094	6084363	0
21	6087528	6084380	0
21	6088243	6085760	0
21	6235148	6228965	1
21	6235148	6230398	3
21	6235148	6232565	4
21	6235148	6232596	3
21	6235193	6228966	0
21	6236161	6230695	7
21	6267314	6230665	1
21	6272881	6272134	0
21	6358575	6358576	8
21	6358739	6358740	14
21	6445662	6444868	39
21	6447778	6445432	1
21	6447778	6447260	1
21	6448566	6444868	2
21	6448566	6444872	2
21	6448566	6445539	5
21	6448566	6447735	1
21	6456951	6455577	0
21	6457200	6456879	0
21	6457200	6456880	0
21	6458056	6457293	0
21	6459639	6457900	0
21	6460083	6457920	0
21	6460294	6457920	0
21	6467535	6447131	0
21	6486231	6484622	12
21	6486231	6484623	12
21	6486231	6484625	12
21	6486231	6484660	23
21	6486231	6484708	24
21	6486231	6484854	21
21	6486456	6486137	12
21	6487413	6487106	7
21	6487613	6486137	11
21	6488060	6484629	9
21	6492198	6487362	7
21	6492198	6487370	6
21	6492293	6487362	9
21	6493111	6487362	17
21	6493111	6492130	16
21	6493586	6492129	14
21	6496081	6487362	17
21	6496081	6489290	19
21	6496081	6492130	9
21	6496081	6492254	8
21	6496081	6493043	13
21	6496155	6493043	14
21	6496931	6492130	12
21	6499262	6492130	6
21	6552931	6550748	0
21	6562094	6562200	0
21	6634769	6630181	3
21	6634769	6631797	4
21	6634769	6632362	2
21	6635777	6634603	4
21	6638338	6630181	2
21	6659579	6634357	2
21	6659579	6634603	8
21	6659741	6634603	8
21	6666527	6632152	10
21	6668244	6666428	0
21	6668244	6667303	0
21	6668255	6667303	1
21	6670612	6659518	12
21	6670643	6668151	2
21	6670651	6634603	8
21	6670651	6667709	0
21	6670668	6668151	2
21	6670693	6659518	7
21	6670696	6668151	0
21	6676455	6676177	0
21	6992323	6986449	38
21	6993597	6992109	14
21	6995314	6993156	0
21	6995314	6993498	0
21	6995314	6994373	0
21	6995325	6994373	1
21	7003510	7003247	0
21	7385290	7385057	0
21	7421888	7421441	0
21	7675579	7669529	3
21	7675579	7672754	3
21	7675579	7673073	3
21	7675579	7673216	3
21	7675667	7670166	4
21	7676593	7671126	10
21	7677936	7671872	6
21	7679178	7669396	3
21	7789510	7784481	0
21	7789510	7785186	0
21	7793955	7788702	0
21	7825798	7819360	0
21	7828725	7816677	0
21	7828753	7816674	0
21	7828753	7819043	0
21	9018671	8996495	1
21	9069600	9068413	11
21	9070445	9068360	12
21	9070445	9069444	11
21	9127548	9070213	0
21	9374167	9369284	2
21	9783306	9781917	0
21	9807821	9806874	0
21	9807975	9792554	0
21	9807975	9806093	0
21	9812603	9808173	0
21	9814010	9807734	0
21	9986341	9975016	0
21	9997847	9996821	12
21	9998049	9997745	8
