22	10940708	10939387	13
22	15342427	15326036	0
22	15553587	15550903	0
22	15560265	15557576	0
22	15604134	15600907	0
22	15624072	15622600	0
22	15636068	15635179	0
22	15690315	15690425	6
22	15703404	15699360	0
22	15750826	15749155	1
22	15806504	15805846	29
22	15813482	15805262	21
22	15813482	15805811	21
22	15820885	15813393	101
22	15915801	15914720	0
22	16433462	16428946	0
22	16581288	16575362	0
22	16582603	16581076	0
22	16582708	16580810	0
22	16614179	16614698	0
22	16646582	16645694	0
22	16648649	16653509	0
22	16649962	16652321	0
22	16652484	16652932	0
22	16659629	16653891	0
22	16659629	16654065	0
22	16669621	16661475	0
22	16670262	16669461	0
22	16670262	16669463	0
22	16671589	16670216	0
22	16671589	16671089	0
22	16676047	16673599	0
22	16677377	16675122	0
22	16677377	16676015	0
22	16690281	16679291	0
22	16690617	16690102	0
22	16698157	16695241	0
22	16700450	16696777	0
22	16748646	16746868	0
22	16800025	16783411	0
22	16904697	16904218	0
22	16914982	16914234	0
22	16922174	16921442	0
22	16926445	16925951	0
22	16934004	16933520	0
22	16963830	16961935	0
22	16963830	16962459	0
22	16963830	16962732	0
22	16966365	16965177	0
22	16967482	16965177	0
22	16968384	16965177	0
22	16968384	16966099	0
22	16968384	16967300	0
22	17022571	17021397	0
22	17121368	17116298	0
22	17138739	17137510	9
22	17138739	17137519	9
22	17138739	17137521	9
22	17138739	17137581	36
22	17141234	17137578	15
22	17148561	17145023	10
22	17149746	17148447	9
22	17149746	17148448	9
22	17158987	17148447	5
22	17159256	17143097	13
22	17165288	17149541	5
22	17182023	17178789	0
22	17182023	17179302	0
22	17182023	17179303	0
22	17182023	17179305	0
22	17182023	17179316	0
22	17182023	17179321	0
22	17182023	17180883	0
22	17182023	17180989	0
22	17182023	17181086	0
22	17182023	17181382	0
22	17182762	17181819	0
22	17188448	17182603	0
22	17188728	17182640	0
22	17190033	17188338	0
22	17191811	17188338	0
22	17191811	17189783	0
22	17191811	17189941	0
22	17198790	17191682	0
22	17198792	17191682	0
22	17199596	17198856	0
22	17199597	17191682	0
22	17199784	17191682	0
22	17203774	17188338	0
22	17203774	17189941	0
22	17203774	17191594	0
22	17203774	17191682	0
22	17207291	17203562	0
22	17207291	17203853	0
22	17209505	17207070	0
22	17209599	17207070	0
22	17209686	17207070	0
22	17209691	17207156	0
22	17209724	17207070	0
22	17209724	17207205	0
22	17209890	17207070	0
22	17219435	17207070	0
22	17219435	17209355	0
22	17219436	17209355	0
22	17219586	17207070	0
22	17219586	17209355	0
22	17221849	17209355	0
22	17221855	17209355	0
22	17221990	17209355	0
22	17222102	17209605	0
22	17256879	17221726	0
22	17258236	17209605	0
22	17258236	17256267	0
22	17261046	17256858	0
22	17569797	17569923	0
22	17579965	17581036	0
22	17581549	17580156	0
22	17581549	17580313	0
22	17582373	17581333	0
22	17585387	17581333	0
22	17589193	17582250	0
22	17594617	17592135	1
22	17594617	17592168	2
22	17594617	17592408	3
22	17595293	17592668	3
22	17598289	17594528	3
22	17598289	17594538	3
22	17600096	17598000	7
22	17600096	17598193	8
22	17601182	17600026	3
22	17612879	17600026	0
22	17612879	17600679	0
22	17612879	17601091	0
22	17613321	17612613	0
22	17613321	17612811	0
22	17619128	17613210	0
22	17619527	17612975	0
22	17619527	17613210	0
22	17619529	17613210	0
22	17628750	17613210	0
22	17738230	17734137	0
22	17738230	17734141	0
22	17738230	17734170	0
22	17738230	17734174	0
22	17738230	17735221	0
22	17738230	17735498	0
22	17738230	17735551	1
22	17739489	17738016	1
22	17739489	17738057	4
22	17740177	17738016	2
22	17740177	17739348	2
22	17741195	17738016	2
22	17744014	17738016	4
22	17744014	17739348	4
22	17744014	17739447	4
22	17744014	17740030	4
22	17744014	17740081	4
22	17750175	17739348	2
22	17774017	17750104	0
22	17774043	17739348	0
22	17774413	17750104	0
22	17774490	17739348	0
22	17774493	17750104	0
22	17774496	17739348	0
22	17774496	17743802	0
22	17774496	17750104	0
22	17774666	17739348	0
22	17774666	17750104	0
22	17774771	17743802	0
22	17791072	17787648	231
22	17791072	17787651	231
22	17791072	17790539	97
22	17791072	17790836	13
22	17791302	17790945	29
22	17791302	17790997	27
22	17791668	17790997	19
22	17793795	17791263	36
22	17803862	17791201	7
22	17808938	17791201	9
22	17808938	17793728	19
22	17808938	17803553	10
22	17808938	17803810	10
22	17819130	17816689	152
22	17821510	17817310	0
22	17821510	17819021	0
22	17821510	17819035	0
22	17842018	17831853	1
22	17842018	17834327	2
22	17864987	17839591	0
22	17864987	17839950	0
22	17864987	17841674	1
22	17864987	17841821	1
22	17866013	17860162	12
22	17866013	17864614	2
22	17866013	17864898	3
22	17872024	17865923	2
22	17872855	17871836	31
22	17875327	17871933	19
22	17876704	17871836	12
22	17876873	17871929	16
22	17884359	17871836	4
22	17886052	17871836	7
22	17904840	17902630	0
22	17906813	17904631	0
22	17906828	17904631	0
22	17906836	17904631	0
22	17906875	17904631	0
22	17906887	17904631	0
22	17906887	17904727	0
22	17983620	17983204	0
22	18001181	17906548	0
22	18001502	17906548	0
22	18007309	18004269	1
22	18024560	17906548	0
22	18077798	18076526	2
22	18078048	18078295	26
22	18103650	18102456	4
22	18110840	18121478	1
22	18110869	18121478	1
22	18121702	18124155	0
22	18124305	18126353	0
22	18127035	18130842	1
22	18184067	18178037	0
22	18367056	18361822	0
22	18367858	18361829	0
22	18370714	18367784	0
22	18372957	18366900	0
22	18372957	18368390	0
22	18372957	18370584	0
22	18372957	18370665	0
22	18375550	18373421	0
22	18380543	18375483	0
22	18488583	18486998	0
22	18491248	18487868	0
22	18512188	18501793	0
22	18517066	18516343	0
22	18528683	18528816	0
22	18528868	18529018	0
22	18529690	18529791	0
22	18529725	18529935	0
22	18529857	18529935	0
22	18530009	18530155	0
22	18530197	18530254	0
22	18535329	18533645	0
22	18535329	18533656	3
22	18535329	18533670	3
22	18535329	18534004	5
22	18538559	18536649	0
22	18538559	18537294	2
22	18538745	18538022	3
22	18538745	18538055	3
22	18538745	18538432	2
22	18548119	18544651	0
22	18548119	18547245	10
22	18548354	18548010	1
22	18548470	18548010	1
22	18548771	18548010	1
22	18548799	18548317	1
22	18548828	18548317	1
22	18548829	18548317	1
22	18624140	18623338	0
22	18636981	18636444	0
22	18774387	18773664	0
22	18774387	18773824	0
22	18794792	18792261	0
22	18805480	18794412	0
22	18825002	18794597	0
22	18843400	18794530	0
22	18856366	18855620	0
22	18857446	18856259	0
22	18858641	18857310	0
22	18875913	18873542	0
22	18886471	18883412	0
22	18913527	18912776	0
22	18913527	18912780	0
22	18913527	18912781	0
22	18916989	18913437	0
22	18918492	18914529	0
22	18918492	18916889	0
22	18919598	18918315	0
22	18919632	18918315	0
22	18919799	18918315	0
22	18919799	18919450	0
22	18921424	18919705	0
22	18921540	18919555	0
22	18921555	18918315	0
22	18921575	18919450	0
22	18922405	18919450	0
22	18922405	18919705	0
22	18922405	18921341	0
22	18922405	18921380	0
22	18922934	18921341	0
22	18922934	18922245	0
22	18922934	18922324	0
22	18922934	18922371	0
22	18923180	18919705	0
22	18923180	18922816	0
22	18923311	18922816	0
22	18924003	18922324	0
22	18925201	18922816	0
22	18925201	18922879	0
22	18925201	18923114	0
22	18925723	18924724	0
22	18925723	18925050	0
22	18981326	18980694	0
22	18989965	18990719	0
22	18990925	18991816	0
22	18992018	18994373	0
22	19032084	19031563	1
22	19041295	19036281	2
22	19041295	19036285	2
22	19041960	19037836	2
22	19048644	19041057	0
22	19048644	19041806	1
22	19057054	19048439	0
22	19057163	19048378	0
22	19057163	19048439	0
22	19060956	19056985	0
22	19063278	19056985	2
22	19063279	19056985	2
22	19063279	19056993	3
22	19063279	19060565	2
22	19125842	19124308	0
22	19135176	19130278	2
22	19135176	19133936	3
22	19135176	19133967	3
22	19142895	19142537	6
22	19144634	19142725	2
22	19144660	19142849	1
22	19144685	19142725	1
22	19149917	19148575	0
22	19176495	19175574	12
22	19176495	19175592	14
22	19176495	19175609	49
22	19176694	19176420	6
22	19176951	19176577	10
22	19176951	19176666	11
22	19178042	19177119	28
22	19178042	19177726	28
22	19178241	19177726	19
22	19178241	19177941	13
22	19178481	19177941	13
22	19178522	19178132	13
22	19178636	19177989	21
22	19178740	19178132	12
22	19178831	19178132	13
22	19180239	19179472	16
22	19180239	19179475	16
22	19180239	19179774	11
22	19180807	19180198	1
22	19183612	19180730	9
22	19183612	19180732	9
22	19184537	19183475	10
22	19184832	19180198	10
22	19187729	19183389	2
22	19188092	19183389	8
22	19191436	19183389	4
22	19196416	19191303	1
22	19196657	19191303	1
22	19196657	19196265	17
22	19196657	19196362	19
22	19199842	19196265	0
22	19221612	19219884	0
22	19222094	19221376	0
22	19222094	19221572	1
22	19229976	19226218	0
22	19232599	19229837	0
22	19232822	19229844	0
22	19239389	19235695	0
22	19254228	19242774	0
22	19257868	19254033	0
22	19275831	19253958	0
22	19275831	19257804	0
22	19351447	19330697	1
22	19353520	19351357	1
22	19353520	19351367	1
22	19375793	19356229	0
22	19375793	19361726	0
22	19398088	19396786	0
22	19405881	19397991	0
22	19405881	19398060	0
22	19405881	19398067	0
22	19447451	19410715	1
22	19447546	19410715	0
22	19447546	19440885	7
22	19447546	19440907	7
22	19447546	19441776	9
22	19447546	19443149	9
22	19447546	19443370	9
22	19452001	19450624	38
22	19454831	19449909	35
22	19454831	19450620	23
22	19454831	19451877	34
22	19455769	19450620	16
22	19455769	19454748	1
22	19455769	19454801	1
22	19456635	19455679	2
22	19456919	19456586	3
22	19458140	19456852	0
22	19458140	19456879	0
22	19465275	19458070	3
22	19467717	19458070	8
22	19468004	19465201	17
22	19471809	19467402	0
22	19471809	19467872	0
22	19471809	19467894	0
22	19479203	19467872	0
22	19480020	19480157	1
22	19525424	19523051	2
22	19527546	19523023	0
22	19632168	19630749	0
22	19719893	19720114	0
22	19721737	19721821	6
22	19721737	19721832	6
22	19721958	19722236	2
22	19722340	19722427	0
22	19802217	19783223	2
22	19802217	19788414	0
22	19802217	19788417	0
22	19802217	19788463	1
22	19806758	19801998	5
22	19806758	19802000	5
22	19806758	19802102	14
22	19812448	19806658	0
22	19820724	19812284	0
22	19821376	19812294	0
22	19854540	19812284	0
22	19854540	19821227	0
22	19854540	19846137	33
22	19854540	19846145	33
22	19854540	19851988	18
22	19854817	19812284	2
22	19854844	19821227	0
22	19854887	19846145	0
22	19877213	19875518	63
22	19877235	19875516	71
22	19877235	19875517	71
22	19877235	19875521	76
22	19877235	19875640	86
22	19877235	19875691	107
22	19877235	19875760	96
22	19878188	19875521	69
22	19878188	19875523	69
22	19878188	19877039	45
22	19878188	19877108	56
22	19895582	19883324	2
22	19895582	19891437	2
22	19895582	19893901	4
22	19895582	19894257	2
22	19895582	19895015	3
22	19911448	19899048	0
22	19911448	19910934	1
22	19915277	19911257	0
22	19915277	19911376	0
22	19915790	19915213	0
22	19915838	19915213	0
22	19915844	19914899	0
22	19915844	19915213	0
22	19916367	19915213	0
22	19971336	19969895	1
22	19971972	19969897	3
22	19971972	19971215	4
22	19971972	19971227	4
22	19973318	19972924	2
22	19973794	19973118	2
22	19973794	19973161	2
22	19980243	19978896	4
22	19981738	19979742	3
22	19982092	19979996	2
22	19982092	19981151	1
22	19982092	19981210	1
22	19982092	19981381	2
22	19982092	19981544	3
22	19983754	19981932	2
22	19986684	19981932	1
22	19987094	19981932	2
22	19987191	19981932	0
22	19990793	19981932	0
22	19990795	19981932	0
22	19990813	19981932	0
22	20016746	19981990	0
22	20053552	20055942	3
22	20065252	20058029	8
22	20065281	20062979	17
22	20065281	20063010	20
22	20065281	20063033	15
22	20065706	20064551	20
22	20066078	20065145	20
22	20066435	20065145	17
22	20067250	20065145	14
22	20069165	20065145	7
22	20070523	20065145	0
22	20070544	20065145	0
22	20086684	20087161	29
22	20089812	20089975	30
22	20111876	20110820	77
22	20113008	20111865	61
22	20113008	20111874	65
22	20113008	20112300	75
22	20113008	20112303	75
22	20113008	20112337	104
22	20113008	20112498	66
22	20113179	20112300	61
22	20113235	20112327	66
22	20113235	20112891	60
22	20113235	20112910	58
22	20113235	20112955	59
22	20113379	20112910	56
22	20113508	20112567	56
22	20113508	20113117	40
22	20113562	20113117	35
22	20113799	20113431	81
22	20113809	20113117	54
22	20113809	20113431	78
22	20113809	20113485	78
22	20114682	20113685	14
22	20114682	20113703	14
22	20114686	20113649	14
22	20114686	20113685	14
22	20114869	20114573	8
22	20114877	20113685	10
22	20114877	20114573	8
22	20115080	20114760	13
22	20115080	20114766	13
22	20115393	20114760	72
22	20115440	20114760	76
22	20115448	20114964	78
22	20115623	20114964	90
22	20115689	20115265	83
22	20115781	20115265	83
22	20115781	20115348	77
22	20115813	20115265	98
22	20116101	20115671	20
22	20116551	20115336	66
22	20116613	20115576	113
22	20116613	20115609	111
22	20116613	20115671	71
22	20116973	20116037	19
22	20117184	20116057	52
22	20117223	20116037	19
22	20117240	20116241	12
22	20117246	20116037	19
22	20117296	20116037	19
22	20122422	20122579	45
22	20126369	20126951	67
22	20126369	20126954	67
22	20148925	20148426	21
22	20148925	20148585	8
22	20201327	20198728	0
22	20243685	20241416	0
22	20267690	20241414	0
22	20268532	20241414	0
22	20269366	20243019	0
22	20271748	20242596	1
22	20277834	20242848	0
22	20315477	20314275	8
22	20315477	20314282	8
22	20315477	20314393	7
22	20319787	20315335	11
22	20319800	20315335	11
22	20319800	20316118	4
22	20344366	20343202	0
22	20363675	20350577	0
22	20364318	20363620	0
22	20364318	20363624	0
22	20394335	20394562	14
22	20394335	20395332	4
22	20394663	20395332	1
22	20399691	20400631	8
22	20400759	20401276	6
22	20427551	20424814	19
22	20427551	20426086	9
22	20429341	20427397	4
22	20429356	20427397	4
22	20429654	20427397	2
22	20429654	20429224	2
22	20429654	20429240	3
22	20446621	20430428	0
22	20446677	20441518	0
22	20458001	20446442	1
22	20458001	20456217	2
22	20465487	20457807	1
22	20465577	20457789	1
22	20465577	20457807	1
22	20471516	20464857	0
22	20471516	20465061	0
22	20471516	20465179	0
22	20471516	20465264	0
22	20471516	20465316	0
22	20471516	20465541	0
22	20489213	20471349	0
22	20489245	20465391	4
22	20489245	20471349	0
22	20489245	20483627	3
22	20489853	20488984	9
22	20492054	20488530	14
22	20493218	20488984	8
22	20495793	20488984	3
22	20495796	20488984	3
22	20495803	20471349	2
22	20495818	20488984	3
22	20495824	20488984	3
22	20495845	20488984	3
22	20495884	20488984	4
22	20523027	20522069	0
22	20554996	20555076	60
22	20582748	20582839	32
22	20582968	20583112	12
22	20583394	20584358	17
22	20584426	20584854	27
22	20584426	20585100	27
22	20585016	20585100	107
22	20585268	20585727	40
22	20588011	20587495	0
22	20603160	20602594	0
22	20616443	20613662	0
22	20621418	20616309	0
22	20621595	20616229	0
22	20638777	20638360	0
22	20639221	20627162	0
22	20656915	20638610	0
22	20670985	20667835	0
22	20698935	20697961	0
22	20703693	20703818	0
22	20703693	20703967	0
22	20703752	20703967	0
22	20703884	20703967	0
22	20704041	20704187	2
22	20704057	20704187	2
22	20709380	20707690	1
22	20709380	20707692	1
22	20709380	20707702	1
22	20709380	20707718	1
22	20709500	20707703	2
22	20710859	20709907	32
22	20711439	20709295	17
22	20711462	20709295	17
22	20711462	20710698	38
22	20711462	20710751	46
22	20711478	20710698	38
22	20712612	20709295	20
22	20712612	20709907	6
22	20712612	20710698	17
22	20712612	20711301	15
22	20712612	20711340	16
22	20712798	20711340	17
22	20726542	20721297	4
22	20727294	20726315	1
22	20727358	20726497	1
22	20727398	20726487	1
22	20727865	20727229	2
22	20729472	20727568	2
22	20729507	20727773	0
22	20733844	20732970	9
22	20734195	20733735	2
22	20734496	20733735	6
22	20734554	20734042	2
22	20734668	20734042	3
22	20736867	20734476	3
22	20742356	20734394	1
22	20742356	20734476	1
22	20747703	20744627	1
22	20749995	20747483	0
22	20749995	20747582	0
22	20753181	20752902	3
22	20761387	20753109	1
22	20761387	20753145	0
22	20764951	20761303	3
22	20765237	20764614	0
22	20765237	20764816	0
22	20793244	20765584	0
22	20798688	20796145	0
22	20799277	20798477	1
22	20799277	20798583	1
22	20799767	20798939	0
22	20799767	20799092	0
22	20824415	20820538	0
22	20834656	20824325	0
22	20834656	20824346	0
22	20891215	20889205	8
22	20949928	20953205	52
22	20976939	20977031	0
22	20977096	20977699	0
22	20979703	20980019	2
22	20980125	20980746	0
22	20980125	20980991	0
22	20980768	20980991	1
22	20990970	20991627	7
22	20994270	20994557	56
22	20994270	20994673	57
22	20995027	20995367	13
22	20995027	20995745	14
22	20995027	20995762	15
22	20995485	20995745	12
22	20996113	20996695	23
22	20996802	20996885	28
22	21000730	21000271	4
22	21000788	20999103	6
22	21000788	20999771	8
22	21000788	20999776	8
22	21001412	20999801	12
22	21001412	21000229	13
22	21001412	21000646	13
22	21001519	21000646	15
22	21001743	21000646	15
22	21001796	20999772	10
22	21001912	21000646	11
22	21001912	21001255	11
22	21002087	21001255	11
22	21002107	21000646	10
22	21002118	21001831	6
22	21002119	21001291	11
22	21002197	21001831	5
22	21009454	21002894	1
22	21011591	21008192	0
22	21011591	21008636	1
22	21012659	21011383	0
22	21013185	21011383	0
22	21014288	21011383	0
22	21026077	21026251	0
22	21026958	21027507	2
22	21029445	21028717	0
22	21031853	21029710	0
22	21031856	21029710	0
22	21032550	21030830	0
22	21032559	21030830	0
22	21032841	21031567	0
22	21042415	21035242	0
22	21044300	21042342	0
22	21048017	21048950	0
22	21081019	21071081	0
22	21116002	21117123	0
22	21116069	21117123	0
22	21117995	21114606	0
22	21118781	21117079	0
22	21120921	21118651	0
22	21122352	21120813	0
22	21124452	21121975	0
22	21179876	21177891	0
22	21186194	21186419	0
22	21186461	21186922	0
22	21203756	21193359	0
22	21208703	21207972	0
22	21208703	21207973	0
22	21291729	21290759	0
22	21306224	21300989	0
22	21307026	21300990	0
22	21307026	21300996	0
22	21309882	21306068	0
22	21311774	21306068	0
22	21311774	21307558	0
22	21311774	21309820	0
22	21312301	21311739	0
22	21314366	21312238	0
22	21319357	21314299	0
22	21321720	21319269	0
22	21322328	21319269	0
22	21322328	21321591	0
22	21322855	21319269	0
22	21322855	21321947	0
22	21322855	21322194	0
22	21322855	21322302	0
22	21322936	21322140	0
22	21322985	21322302	0
22	21468018	21468151	0
22	21468018	21468314	2
22	21468203	21468314	3
22	21468203	21468353	3
22	21469004	21469129	0
22	21469004	21469273	0
22	21469063	21469273	1
22	21469195	21469273	0
22	21469347	21469493	0
22	21469535	21469616	0
22	21469535	21469641	0
22	21474681	21472999	1
22	21474681	21473008	4
22	21474681	21473022	4
22	21474681	21473034	4
22	21474681	21473058	4
22	21474681	21473075	4
22	21474801	21473010	4
22	21477916	21474596	8
22	21477916	21475210	8
22	21477916	21476001	35
22	21477916	21476643	26
22	21478102	21477379	13
22	21478102	21477412	13
22	21478102	21477789	10
22	21478162	21477789	10
22	21478695	21477789	15
22	21492095	21488223	6
22	21514224	21491975	0
22	21514256	21491993	0
22	21517482	21491975	0
22	21517521	21491993	0
22	21517534	21491993	0
22	21629188	21628088	62
22	21629188	21628113	67
22	21629408	21628121	65
22	21629408	21628166	67
22	21629762	21628088	84
22	21630032	21628088	30
22	21669963	21670263	4
22	21670612	21670996	6
22	21694666	21694754	27
22	21695071	21695393	17
22	21695071	21695397	17
22	21695497	21696030	96
22	21695497	21696746	113
22	21695497	21696884	104
22	21703479	21697543	0
22	21703479	21700864	0
22	21704126	21703369	0
22	21710909	21703369	0
22	21710909	21703838	0
22	21710909	21704081	0
22	21735756	21710627	0
22	21735762	21710486	0
22	21735835	21710627	0
22	21769321	21754499	8
22	21769429	21763983	3
22	21772983	21769039	1
22	21772983	21769194	1
22	21772983	21769203	1
22	21799129	21788693	0
22	21925663	21919419	23
22	21925663	21919426	23
22	21925663	21923124	10
22	21925663	21924875	13
22	21926063	21925568	11
22	21931249	21925568	11
22	21931292	21924875	14
22	21931292	21925568	9
22	21933580	21931147	1
22	21933580	21931265	1
22	21933580	21932713	1
22	21934227	21933390	1
22	21936930	21933390	0
22	21938532	21936961	3
22	21938577	21934023	4
22	21938585	21934023	4
22	21939681	21934023	2
22	21940658	21939531	2
22	21946109	21939531	1
22	21952822	21952019	0
22	21952832	21945842	0
22	21952838	21945842	0
22	21958694	21957024	60
22	21958694	21957026	60
22	21958694	21957030	57
22	21959233	21957026	14
22	21959233	21957031	14
22	21959233	21958491	6
22	21959737	21957030	12
22	21959737	21959131	22
22	21960450	21959131	2
22	21960450	21959586	1
22	21962603	21960320	11
22	21962894	21960320	6
22	21962894	21962428	17
22	21962896	21962127	18
22	21963021	21962428	11
22	21964029	21962428	0
22	21964029	21962746	0
22	21964316	21963922	1
22	21965376	21964160	1
22	21967651	21965284	1
22	21967717	21965284	0
22	21968741	21967602	1
22	21968776	21967602	1
22	21970407	21968618	1
22	21971062	21970209	1
22	21971633	21970334	0
22	21971952	21970209	1
22	21971952	21970979	1
22	21972719	21971876	0
22	21972719	21971894	0
22	21972719	21971896	0
22	21974489	21972218	0
22	21974489	21972611	0
22	21975745	21974356	0
22	21975797	21974356	0
22	21975808	21974356	0
22	21975808	21974375	0
22	21975808	21974378	0
22	21975808	21974432	0
22	21975954	21975639	14
22	21975970	21974418	0
22	21976188	21975639	18
22	21982450	21975639	15
22	21982450	21975980	10
22	21982751	21975639	7
22	21982767	21975639	4
22	21982767	21975904	13
22	21982774	21975645	4
22	21982781	21975639	4
22	21982788	21975980	10
22	21982791	21975639	3
22	21982794	21975904	13
22	21982817	21975639	1
22	21994774	21991098	0
22	21994774	21991099	0
22	21994774	21991235	0
22	22026328	21995132	0
22	22026328	22025172	0
22	22043859	22026221	0
22	22043935	22026221	0
22	22086844	22086846	0
22	22118006	22114843	0
22	22230470	22228718	0
22	22489467	22484857	0
22	22489469	22484872	0
22	22494181	22484420	0
22	22494181	22486860	0
22	22520271	22513735	0
22	22550335	22547700	9
22	22550335	22547701	9
22	22550335	22547703	9
22	22550335	22547766	11
22	22551090	22549725	9
22	22551090	22550073	6
22	22551090	22550182	6
22	22551090	22550220	6
22	22551090	22550245	6
22	22551090	22550298	18
22	22552952	22550818	6
22	22554180	22550766	4
22	22555927	22550766	8
22	22556910	22550766	7
22	22556931	22550766	7
22	22556931	22550851	16
22	22556978	22550766	7
22	22557087	22550753	7
22	22557581	22550766	5
22	22557722	22550766	6
22	22644474	22639176	0
22	22647039	22647140	0
22	22647096	22647176	0
22	22693313	22692777	0
22	22787269	22785642	0
22	23061946	23059414	0
22	23134075	23124226	0
22	23134145	23063901	0
22	23134145	23131176	0
22	23138915	23134025	0
22	23138943	23134025	0
22	23138943	23135992	0
22	23138943	23136197	0
22	23289622	23290338	0
22	23309484	23309942	4
22	23309484	23310323	2
22	23363173	23359602	0
22	23366419	23363103	0
22	23368885	23366277	0
22	23370463	23366301	0
22	23370463	23368779	0
22	23373749	23370094	0
22	23373749	23370357	0
22	23376897	23373629	0
22	23377015	23370357	0
22	23377015	23373594	0
22	23377015	23373629	0
22	23377072	23373647	0
22	23392834	23391376	0
22	23394058	23392584	0
22	23394058	23392726	0
22	23398107	23393925	0
22	23399609	23398077	0
22	23400584	23390605	0
22	23400584	23393925	0
22	23400584	23397937	0
22	23467317	23462085	0
22	23513603	23512493	0
22	23544307	23546485	0
22	23575083	23573124	0
22	23575086	23573368	0
22	23580240	23573124	0
22	23583479	23580879	0
22	23613331	23608451	1
22	23613661	23613286	2
22	23613661	23613288	2
22	23631974	23630617	0
22	23632024	23625980	0
22	23632322	23625980	0
22	23638942	23637682	1
22	23640424	23638486	3
22	23640426	23638677	5
22	23640763	23638491	11
22	23649558	23649212	15
22	23652577	23640307	13
22	23652887	23652478	1
22	23652945	23652715	7
22	23653335	23652860	21
22	23660001	23638486	14
22	23660001	23640307	11
22	23660001	23652859	10
22	23660001	23653168	10
22	23660001	23653169	10
22	23683868	23658093	1
22	23683868	23659864	0
22	23683868	23678609	0
22	23686915	23659864	1
22	23686996	23659875	2
22	23686996	23683724	1
22	23686996	23683743	2
22	23688306	23688721	2
22	23690298	23683724	1
22	23690357	23683724	1
22	23692210	23692334	23
22	23693186	23683724	5
22	23695518	23683724	1
22	23696495	23696613	1
22	23698646	23698843	0
22	23700846	23683724	2
22	23700846	23694118	2
22	23705542	23683724	0
22	23705542	23694118	3
22	23705542	23695172	5
22	23705542	23700725	7
22	23705542	23700788	3
22	23709868	23709129	0
22	23714287	23709785	2
22	23714295	23709840	2
22	23714343	23709785	0
22	23714344	23659868	10
22	23714702	23714210	0
22	23715160	23714185	0
22	23715195	23709785	0
22	23715195	23714186	0
22	23717268	23709785	0
22	23751093	23738677	1
22	23754410	23752742	0
22	23754469	23752742	0
22	23764174	23764238	3
22	23764174	23764259	1
22	23764398	23764638	0
22	23764403	23764638	0
22	23764413	23764638	0
22	23764714	23764792	2
22	23764714	23765376	2
22	23764714	23765720	2
22	23764903	23765720	2
22	23765458	23765720	0
22	23766276	23765833	10
22	23766276	23765934	11
22	23766297	23765833	11
22	23766465	23765873	10
22	23767594	23765833	10
22	23779369	23780358	0
22	23779417	23780358	0
22	23779465	23780358	0
22	23781101	23781192	0
22	23781926	23782225	0
22	23791868	23793558	0
22	23791895	23793558	1
22	23800971	23803294	9
22	23801082	23803294	10
22	23801136	23803294	10
22	23801965	23803294	8
22	23816937	23818338	0
22	23836515	23834502	0
22	23837155	23834502	0
22	23837155	23836464	0
22	23837155	23836733	0
22	23837685	23837063	0
22	23837699	23837063	0
22	23837732	23834502	0
22	23837732	23836766	0
22	23837732	23837063	0
22	23837855	23834502	0
22	23837855	23836733	0
22	23837855	23837063	0
22	23838204	23837658	0
22	23838446	23834502	0
22	23838446	23837063	0
22	23838446	23837658	0
22	23838446	23837815	0
22	23838638	23837658	0
22	23839005	23837658	0
22	23867900	23868480	0
22	23868642	23870007	0
22	23882870	23883771	19
22	23882870	23883873	19
22	23882870	23883948	16
22	23883874	23883948	20
22	23884025	23884301	17
22	23894583	23894771	14
22	23894945	23895039	70
22	23896111	23894425	17
22	23958459	23957413	2
22	23958459	23957618	3
22	23973184	23971369	26
22	23973944	23971364	28
22	23973944	23971377	27
22	23973944	23973103	39
22	23974440	23973767	24
22	23974460	23973767	25
22	23974492	23973080	27
22	23974585	23973767	26
22	23977068	23974306	0
22	23977578	23976871	0
22	23977586	23976903	0
22	23979829	23974306	0
22	23980470	23976875	0
22	23983457	23983459	0
22	23987470	23977400	0
22	24000252	23998400	0
22	24000252	23998489	0
22	24001326	24000074	0
22	24003848	24000074	0
22	24003848	24000149	0
22	24007155	24006304	0
22	24183647	24184135	0
22	24186416	24187201	3
22	24187451	24187570	0
22	24220585	24219659	1
22	24225107	24219653	0
22	24225107	24219659	0
22	24233019	24232050	0
22	24233594	24232822	0
22	24234005	24232822	0
22	24245060	24233873	0
22	24245079	24233873	0
22	24245083	24232972	0
22	24245143	24233873	0
22	24248677	24248073	0
22	24260902	24259928	0
22	24262564	24261377	0
22	24263765	24262428	1
22	24270135	24269345	0
22	24431563	24429205	0
22	24439568	24438275	0
22	24442141	24432261	1
22	24442141	24439293	0
22	24452329	24441991	0
22	24460772	24452210	0
22	24471896	24441991	0
22	24471896	24460452	0
22	24475154	24460496	0
22	24543098	24540441	41
22	24544084	24540422	19
22	24544084	24540437	19
22	24544084	24542397	11
22	24544084	24542829	13
22	24544084	24542933	11
22	24547006	24542686	13
22	24547006	24542755	15
22	24547006	24543841	8
22	24547391	24544044	20
22	24548033	24540531	13
22	24548074	24546913	7
22	24548074	24546916	7
22	24548962	24547772	3
22	24549002	24547715	4
22	24549002	24547907	8
22	24588330	24585619	0
22	24588330	24585648	0
22	24589266	24588213	0
22	24589394	24585634	0
22	24589394	24585661	0
22	24589950	24588213	0
22	24589950	24588678	0
22	24589950	24588681	0
22	24589950	24589405	0
22	24592286	24589820	1
22	24592424	24589820	1
22	24593035	24589164	2
22	24593064	24589820	1
22	24593067	24589820	1
22	24593074	24589820	1
22	24593080	24589820	1
22	24610337	24610413	1
22	24610337	24610454	1
22	24627279	24627409	0
22	24627279	24627431	0
22	24628137	24628238	0
22	24628194	24628274	0
22	24645746	24647002	0
22	24649069	24645170	0
22	24649854	24648153	0
22	24651658	24649724	0
22	24696004	24691121	0
22	24719896	24719033	0
22	24719896	24719249	0
22	24719896	24719471	0
22	24938288	24934953	0
22	24938288	24935109	0
22	24938288	24935240	0
22	25110119	25102432	0
22	25112693	25112186	0
22	25174490	25177347	0
22	25282292	25279528	0
22	25282292	25281285	0
22	25354813	25351417	4
22	25354813	25351420	4
22	25354813	25351456	4
22	25354813	25351461	4
22	25354813	25351611	6
22	25354813	25351787	4
22	25357427	25354595	0
22	25357807	25354756	0
22	25360190	25357254	0
22	25360224	25357254	0
22	25360226	25357254	0
22	25361320	25360081	2
22	25362558	25357254	4
22	25374300	25359826	2
22	25376009	25359826	0
22	25437824	25437305	4
22	25520163	25520681	1
22	25563482	25563100	0
22	25564151	25561123	0
22	25564463	25561116	0
22	25564979	25565019	0
22	25581383	25580240	0
22	25884884	25876853	0
22	25884884	25883395	0
22	25892641	25884715	0
22	25895269	25892226	0
22	25895269	25892397	0
22	25895269	25892436	0
22	25895371	25892436	0
22	25895499	25892436	0
22	25895596	25892397	0
22	25895644	25892413	0
22	25896745	25895337	0
22	25896757	25895097	0
22	25896848	25892399	0
22	25897597	25892437	0
22	25898442	25892225	0
22	25898442	25892362	0
22	25898442	25892436	0
22	25898442	25895110	0
22	25898442	25897463	0
22	25898634	25898383	0
22	25898753	25895141	0
22	25898917	25892464	0
22	25898995	25898383	0
22	25898999	25898383	0
22	25899821	25894693	0
22	25899828	25894849	0
22	25899828	25898932	0
22	25899885	25892226	0
22	25899885	25892399	0
22	25899885	25892404	0
22	25899885	25892436	0
22	25899885	25892443	0
22	25899885	25895110	0
22	25899885	25898383	0
22	25900538	25892444	0
22	25900623	25895110	0
22	25901037	25895110	0
22	25983527	25959073	0
22	26162283	26161909	0
22	26242856	26241330	0
22	26423194	26422070	0
22	26452893	26451479	23
22	26457968	26443422	1
22	26457968	26444226	2
22	26457968	26451479	1
22	26457968	26452082	1
22	26457968	26453645	1
22	26464827	26453111	3
22	26464827	26458444	0
22	26465552	26463916	3
22	26465552	26464238	11
22	26466105	26465454	19
22	26466263	26463916	2
22	26466263	26465454	20
22	26466263	26465520	18
22	26468624	26458444	4
22	26468624	26463916	6
22	26468624	26465454	5
22	26470814	26465454	3
22	26477012	26472831	1
22	26477137	26472831	0
22	26479356	26476992	0
22	26479412	26475369	0
22	26479449	26476992	0
22	26479489	26476992	0
22	26479547	26476992	0
22	26479682	26476992	0
22	26482241	26476990	0
22	26482241	26479264	0
22	26482874	26481834	0
22	26482874	26481857	0
22	26483784	26481721	0
22	26483796	26481721	0
22	26483813	26481721	0
22	26483837	26481721	0
22	26483838	26481721	0
22	26494305	26491224	11
22	26494305	26491926	15
22	26494305	26491985	16
22	26494620	26491926	6
22	26494940	26494138	6
22	26498976	26496720	5
22	26499392	26498702	4
22	26499632	26498868	29
22	26502053	26499103	0
22	26502053	26499536	0
22	26502095	26499413	0
22	26503794	26501899	0
22	26503794	26502035	0
22	26506713	26503665	0
22	26506929	26506302	2
22	26510282	26506672	0
22	26510282	26506737	0
22	26510282	26506773	0
22	26510282	26506774	0
22	26510282	26506873	1
22	26510282	26506877	1
22	26510668	26510063	0
22	26510693	26510063	0
22	26510703	26510063	0
22	26510703	26510144	0
22	26510708	26510063	0
22	26511196	26510063	0
22	26512176	26510063	0
22	26512176	26510616	0
22	26512176	26511118	1
22	26512378	26510616	0
22	26512461	26512098	0
22	26512479	26512098	0
22	26512490	26512098	0
22	26512496	26511688	0
22	26512497	26512098	0
22	26512500	26512098	0
22	26512506	26512098	0
22	26513035	26513411	9
22	26528263	26521982	2
22	26528263	26525745	5
22	26536487	26532694	0
22	26540872	26535894	1
22	26541719	26536287	0
22	26543278	26540788	0
22	26543278	26541489	0
22	26544676	26540788	0
22	26544676	26541270	0
22	26544676	26541438	0
22	26565369	26544603	0
22	26565727	26541484	0
22	26590126	26541205	0
22	26590126	26544603	0
22	26590126	26547499	1
22	26590164	26544603	0
22	26596718	26544603	0
22	26602022	26599277	0
22	26608022	26601878	0
22	26608022	26601948	0
22	26669439	26667692	0
22	26672655	26668999	0
22	26887549	26886908	0
22	27060519	27048143	0
22	27224309	27221348	0
22	27224309	27223296	0
22	27317628	27307482	0
22	27419714	27414492	0
22	27460061	27457246	0
22	27564434	27563838	0
22	27689886	27676558	0
22	27714971	27706693	0
22	27751097	27750063	0
22	27791884	27750677	0
22	27796897	27750775	0
22	27801499	27748276	0
22	27854940	27851668	18
22	27854940	27851669	18
22	27854940	27853578	20
22	27858510	27851669	20
22	27858510	27854853	20
22	27858510	27854905	18
22	27860242	27858386	5
22	27860616	27858430	5
22	27873816	27860130	0
22	27873816	27860195	0
22	27894639	27873737	0
22	27894639	27873774	0
22	27896627	27894554	1
22	27896635	27894554	1
22	27896703	27894160	0
22	27897138	27896551	7
22	27897893	27896551	7
22	27897893	27896899	8
22	27897893	27897129	8
22	27898074	27897129	7
22	27911110	27897800	7
22	27914348	27910447	0
22	27914348	27910963	0
22	27919546	27919722	5
22	27920135	27914316	1
22	27985357	27978013	1
22	27985357	27983598	1
22	27985357	27983751	3
22	27990008	27985248	0
22	27990077	27985248	0
22	27992664	27989877	0
22	27992664	27990788	1
22	27993519	27992586	0
22	27993519	27992611	0
22	27996240	27993286	0
22	27996260	27993286	0
22	27996425	27993286	0
22	27997740	27997985	0
22	27997740	27998603	2
22	27998153	27998603	3
22	27999261	27996134	0
22	28001554	27998539	2
22	28014393	28001373	0
22	28030367	28014247	0
22	28030367	28028814	0
22	28094136	28030225	0
22	28094246	28030225	0
22	28296329	28163091	0
22	28297853	28296197	0
22	28297853	28296213	0
22	28306644	28297579	0
22	28306646	28297579	0
22	28629831	28306495	0
22	28679813	28629427	0
22	28679866	28629551	0
22	28689216	28687742	5
22	28689216	28687743	5
22	28689216	28687750	5
22	28689216	28687761	5
22	28689216	28687762	5
22	28689216	28687765	5
22	28689216	28687886	7
22	28689216	28687896	7
22	28689411	28687748	8
22	28696988	28695709	10
22	28699938	28689134	3
22	28699938	28695709	2
22	28699938	28696900	4
22	28699938	28696901	4
22	28699938	28696922	4
22	28699938	28696943	3
22	28699938	28696967	3
22	28703567	28699763	0
22	28703567	28699837	0
22	28710060	28699837	0
22	28711932	28710005	0
22	28711956	28710005	0
22	28712018	28710005	0
22	28712147	28711908	4
22	28712258	28710005	0
22	28712496	28711908	0
22	28719486	28711908	0
22	28721632	28719394	0
22	28724924	28711908	0
22	28724924	28719394	0
22	28725125	28711908	0
22	28725125	28719394	0
22	28725125	28721517	0
22	28725125	28721599	0
22	28725249	28724976	1
22	28725368	28711908	0
22	28725368	28719394	0
22	28725368	28724564	0
22	28725368	28724885	0
22	28725368	28724964	1
22	28725368	28724976	0
22	28725368	28725040	0
22	28725368	28725082	0
22	28734722	28719394	0
22	28741807	28719394	1
22	28796122	28795174	11
22	28796124	28794559	11
22	28796193	28794554	15
22	28796193	28794556	15
22	28796193	28794588	19
22	28797046	28794558	14
22	28799154	28797076	5
22	28800134	28799056	3
22	28800525	28799056	3
22	28800559	28799041	3
22	28800570	28798905	1
22	28800573	28799056	1
22	28800598	28799056	1
22	29031157	29024998	0
22	29060844	29058671	0
22	29111684	29099040	0
22	29231683	29232255	0
22	29232403	29233378	0
22	29260614	29259851	16
22	29260614	29259903	15
22	29260865	29260325	46
22	29260869	29260325	45
22	29260869	29260498	48
22	29261426	29260701	35
22	29264219	29260701	29
22	29264219	29260811	24
22	29264402	29260701	20
22	29265669	29260701	31
22	29265669	29261199	21
22	29265669	29263834	46
22	29265669	29263956	67
22	29267578	29265034	3
22	29267578	29265445	2
22	29267578	29265478	2
22	29267729	29265478	2
22	29288787	29290412	292
22	29288787	29291561	275
22	29288787	29291564	272
22	29289063	29291564	311
22	29291600	29292136	238
22	29298896	29299194	83
22	29298896	29299233	90
22	29298896	29299598	100
22	29299281	29299598	97
22	29299332	29299598	90
22	29306770	29306994	2
22	29307154	29307345	3
22	29307154	29308058	16
22	29307154	29308086	19
22	29307187	29308086	16
22	29310999	29311461	18
22	29313988	29312932	3
22	29313988	29313502	3
22	29314307	29313534	2
22	29315693	29312932	0
22	29315757	29313862	5
22	29319680	29313862	11
22	29329721	29327681	12
22	29329721	29327864	19
22	29330533	29327681	12
22	29330533	29327864	11
22	29330533	29328737	9
22	29330533	29328820	10
22	29330533	29329711	6
22	29330710	29327679	10
22	29330710	29330377	2
22	29331534	29330622	0
22	29331917	29331448	0
22	29331917	29331456	0
22	29332322	29331448	30
22	29334351	29331786	16
22	29334411	29331786	10
22	29339134	29331786	4
22	29341761	29340655	9
22	29342384	29341500	5
22	29342384	29341562	4
22	29349384	29342284	1
22	29350151	29349217	0
22	29350151	29349272	0
22	29359960	29358725	0
22	29363107	29359672	0
22	29363107	29359823	0
22	29419261	29359823	0
22	29423180	29419154	0
22	29423194	29419154	0
22	29439165	29441541	0
22	29441436	29441339	0
22	29441519	29441393	0
22	29441679	29441437	1
22	29472447	29436533	0
22	29478071	29471940	0
22	29478176	29472305	0
22	29481114	29480219	0
22	29511297	29505878	3
22	29511297	29508167	1
22	29511297	29508326	1
22	29511297	29508330	1
22	29511297	29508357	1
22	29511443	29508328	1
22	29517117	29512020	0
22	29519121	29517262	0
22	29520105	29519005	0
22	29525947	29520997	4
22	29528178	29525837	0
22	29528467	29528077	0
22	29528467	29528273	0
22	29529240	29528077	2
22	29529240	29528273	2
22	29529240	29528382	5
22	29529240	29528425	2
22	29531964	29528425	7
22	29531964	29528936	5
22	29531964	29529161	8
22	29531964	29531077	21
22	29535391	29513888	0
22	29536739	29529161	4
22	29536739	29531552	1
22	29536739	29531830	2
22	29536739	29534537	1
22	29539470	29536623	0
22	29539477	29535793	0
22	29539477	29536623	0
22	29539477	29536666	0
22	29542889	29539329	0
22	29542957	29539329	0
22	29542957	29539337	0
22	29542957	29539443	0
22	29543543	29542858	0
22	29543543	29542953	0
22	29544509	29543428	2
22	29544604	29542858	1
22	29544604	29543414	2
22	29544604	29543428	2
22	29544604	29543502	2
22	29555217	29553670	3
22	29558954	29554807	1
22	29560829	29558869	0
22	29561203	29560733	3
22	29561203	29560807	3
22	29561647	29561169	0
22	29561647	29561170	0
22	29561863	29561505	1
22	29561863	29561629	1
22	29570208	29569192	0
22	29570533	29569865	0
22	29570533	29570161	0
22	29580156	29570404	1
22	29581027	29579756	2
22	29581075	29580098	1
22	29581094	29570404	1
22	29581101	29570404	0
22	29581328	29570404	1
22	29581338	29570404	1
22	29683065	29683700	11
22	29706235	29705255	0
22	29719715	29711819	0
22	29719749	29711812	0
22	29719860	29706130	0
22	29738442	29730955	0
22	29748572	29742417	0
22	29766962	29748417	0
22	29767012	29746166	0
22	29790549	29788607	5
22	29790549	29788608	5
22	29790549	29788610	5
22	29790549	29788615	5
22	29790549	29788641	7
22	29793677	29792432	10
22	29793677	29793359	7
22	29799303	29793586	8
22	29801111	29793359	4
22	29801111	29793576	7
22	29806291	29804637	3
22	29806554	29806213	0
22	29806554	29806215	0
22	29806905	29788612	5
22	29806905	29806484	0
22	29808186	29806796	1
22	29808186	29806835	1
22	29813543	29808110	0
22	29814768	29813429	0
22	29814768	29813470	0
22	29815290	29814656	0
22	29816074	29814656	0
22	29816074	29815171	0
22	29816074	29815205	0
22	29822396	29816005	1
22	29822465	29816005	1
22	29822465	29821891	1
22	29825258	29816005	0
22	29825258	29822141	0
22	29825258	29822334	0
22	29825359	29822351	0
22	29825781	29825086	0
22	29825781	29825107	5
22	29825781	29825160	5
22	29826132	29825213	4
22	29827601	29825621	0
22	29827601	29825693	0
22	29832343	29816005	2
22	29832343	29825086	3
22	29832343	29825621	5
22	29832581	29825102	6
22	29833615	29825086	3
22	29833615	29825621	1
22	29834551	29825086	2
22	29834551	29825621	1
22	29834551	29832244	16
22	29834551	29833540	18
22	29836501	29832244	0
22	29838229	29833540	0
22	29838262	29834488	2
22	29838273	29834488	2
22	29838275	29825086	1
22	29838275	29825621	3
22	29838275	29832244	1
22	29838275	29834085	2
22	29838275	29834441	2
22	29838277	29834488	2
22	29838283	29834441	2
22	29838305	29832244	1
22	29979053	29988479	0
22	29979053	29991503	0
22	29988563	29991503	0
22	29991671	29998760	0
22	29998858	30002879	9
22	30002994	30007113	0
22	30004022	30007113	0
22	30007320	30007900	0
22	30008033	30009017	0
22	30009130	30012367	0
22	30012564	30013355	0
22	30013542	30016527	1
22	30016699	30017926	6
22	30018073	30019479	0
22	30018730	30008741	0
22	30020885	30022028	6
22	30020885	30022608	4
22	30022140	30022608	0
22	30022698	30023456	0
22	30022698	30025629	1
22	30023484	30025629	1
22	30040279	30018616	1
22	30050590	30018631	1
22	30050590	30040176	0
22	30050590	30047624	0
22	30137682	30136672	0
22	30192231	30184643	0
22	30244934	30240446	80
22	30246740	30243532	56
22	30246852	30244754	29
22	30265145	30262828	0
22	30265145	30263867	0
22	30266840	30264074	0
22	30285927	30285116	1
22	30285927	30285145	1
22	30285927	30285237	1
22	30285927	30285244	1
22	30285927	30285246	1
22	30285927	30285496	1
22	30286099	30285831	1
22	30286143	30285831	1
22	30286377	30286015	1
22	30286949	30285831	0
22	30286949	30286015	0
22	30286949	30286262	1
22	30286949	30286346	1
22	30286952	30286262	1
22	30287288	30285116	0
22	30287288	30285831	0
22	30287288	30286262	1
22	30287288	30286273	1
22	30287288	30286541	0
22	30287288	30286824	0
22	30287391	30287221	0
22	30287561	30286671	1
22	30287561	30287154	1
22	30287561	30287166	1
22	30287561	30287197	1
22	30287863	30287372	0
22	30287951	30287372	0
22	30288777	30287084	0
22	30288777	30287372	0
22	30289532	30287372	0
22	30289547	30287372	0
22	30289547	30287438	0
22	30289570	30287372	0
22	30289623	30287372	0
22	30292852	30287372	1
22	30292852	30288705	1
22	30293320	30292009	5
22	30293806	30287372	1
22	30293806	30288705	0
22	30293806	30291989	3
22	30293806	30291990	3
22	30293806	30291992	3
22	30293806	30292007	4
22	30293806	30292772	4
22	30293806	30293158	3
22	30294111	30291990	3
22	30294111	30293398	3
22	30294111	30293650	2
22	30294850	30293920	0
22	30294862	30293650	3
22	30294862	30293920	2
22	30294862	30294088	5
22	30304631	30299443	1
22	30304631	30300470	0
22	30304652	30299443	1
22	30326902	30299443	1
22	30326948	30299443	0
22	30335539	30331987	1
22	30337898	30337025	14
22	30339035	30337689	1
22	30339035	30337800	1
22	30339035	30337816	3
22	30339180	30338788	1
22	30339252	30338788	0
22	30339252	30338839	1
22	30340382	30338788	0
22	30340382	30339129	1
22	30340472	30339129	1
22	30340780	30338960	1
22	30342351	30341691	6
22	30342880	30342199	6
22	30342880	30342319	14
22	30345155	30342546	5
22	30345191	30342804	2
22	30346490	30344909	4
22	30346520	30344932	1
22	30353073	30342804	0
22	30353073	30346220	0
22	30353073	30346311	0
22	30356885	30339129	1
22	30356892	30352950	0
22	30356895	30352544	0
22	30356920	30352950	0
22	30356948	30352950	0
22	30369604	30370325	2
22	30370951	30371649	3
22	30371728	30372074	0
22	30372287	30373596	1
22	30373765	30373922	0
22	30374092	30375478	1
22	30374092	30375485	1
22	30378143	30368810	3
22	30379623	30377819	24
22	30379775	30377845	17
22	30379781	30377510	7
22	30379781	30377819	17
22	30379781	30379481	33
22	30379781	30379547	30
22	30379814	30378816	22
22	30379814	30379589	28
22	30380206	30378982	10
22	30380206	30379710	0
22	30384496	30380281	2
22	30384835	30380281	2
22	30385990	30384338	5
22	30385990	30384369	4
22	30386142	30385903	9
22	30386142	30385906	9
22	30415866	30415947	7
22	30421772	30388154	0
22	30426845	30427121	15
22	30426845	30427170	13
22	30435914	30435918	1
22	30461480	30447958	0
22	30461480	30459228	0
22	30461480	30459229	0
22	30461480	30459505	0
22	30461695	30461309	0
22	30462193	30461554	0
22	30462193	30461669	0
22	30491743	30488912	0
22	30491743	30489395	1
22	30492156	30491833	0
22	30492558	30492048	0
22	30494211	30492473	0
22	30525520	30522798	0
22	30525751	30524645	0
22	30546683	30538826	0
22	30557402	30554634	0
22	30557402	30554636	0
22	30557402	30554646	0
22	30557402	30555387	0
22	30557402	30555431	0
22	30557402	30555497	0
22	30557402	30555626	0
22	30557402	30555713	0
22	30557402	30555736	0
22	30557402	30555777	0
22	30557402	30555793	0
22	30557402	30555889	0
22	30557402	30555916	0
22	30557402	30555928	0
22	30557402	30555937	0
22	30557402	30555969	0
22	30557402	30555997	0
22	30557402	30556009	0
22	30557587	30554636	0
22	30557731	30555923	0
22	30578996	30576629	2
22	30578999	30576624	2
22	30578999	30576627	2
22	30578999	30576631	2
22	30578999	30576664	5
22	30578999	30576834	6
22	30580075	30576635	4
22	30581409	30581011	11
22	30581645	30581333	12
22	30584455	30581527	14
22	30584718	30581527	16
22	30584718	30584226	16
22	30584718	30584364	16
22	30584718	30584415	16
22	30587396	30584545	1
22	30587396	30585223	9
22	30588024	30587285	7
22	30588175	30586997	5
22	30588175	30587285	5
22	30605518	30592131	0
22	30605518	30603777	0
22	30605518	30603779	0
22	30606870	30605413	0
22	30606989	30605413	0
22	30607059	30605460	0
22	30607084	30605460	0
22	30654815	30653876	2
22	30663261	30652050	3
22	30663458	30654183	2
22	30663507	30663012	5
22	30664081	30652050	1
22	30664081	30654145	2
22	30664081	30661444	2
22	30665122	30663514	1
22	30666939	30652095	2
22	30667354	30663970	1
22	30667810	30663012	2
22	30667844	30663403	1
22	30667856	30663838	1
22	30667861	30663403	1
22	30667886	30664954	0
22	30667888	30666806	2
22	30667891	30662030	0
22	30893734	30893816	1
22	30928208	30925129	1
22	30928208	30926610	4
22	30928229	30926610	4
22	30932453	30926610	0
22	30932453	30928018	2
22	30932453	30928027	2
22	30932770	30932358	3
22	30936644	30935247	0
22	30937003	30936577	0
22	30937038	30936510	0
22	30942003	30941432	0
22	30942252	30941890	0
22	30942272	30941890	0
22	30942272	30941899	0
22	30969387	30971250	78
22	30969534	30971250	52
22	30971611	30972854	71
22	30971770	30972923	66
22	30971780	30972047	70
22	30971780	30972854	66
22	30971780	30972923	70
22	30972173	30972854	44
22	30972173	30972923	50
22	30973588	30975169	68
22	30973588	30975212	57
22	30973602	30975169	68
22	30977859	30977515	162
22	30978849	30976514	161
22	31080570	31080675	11
22	31082568	31083178	9
22	31083003	31083178	7
22	31093679	31093783	13
22	31095456	31095533	42
22	31095610	31095851	123
22	31095610	31096732	137
22	31097061	31097268	100
22	31099180	31099744	28
22	31105287	31104771	0
22	31105287	31104776	1
22	31105287	31104778	1
22	31105287	31104925	0
22	31105287	31105000	0
22	31105287	31105024	0
22	31105693	31105113	0
22	31105693	31105207	0
22	31105765	31105012	0
22	31105951	31105657	0
22	31105966	31105657	0
22	31105966	31105929	0
22	31106047	31105657	0
22	31106116	31105657	0
22	31106164	31105657	0
22	31107467	31105929	2
22	31107529	31105929	2
22	31107534	31105657	0
22	31107534	31105929	2
22	31107542	31105929	2
22	31107554	31105929	2
22	31107557	31105438	1
22	31107569	31105929	2
22	31107569	31105953	2
22	31120070	31107683	1
22	31124907	31125832	4
22	31126722	31126920	0
22	31127038	31127356	0
22	31128063	31128213	0
22	31133715	31133912	0
22	31136800	31134808	0
22	31204967	31205376	28
22	31289394	31281592	0
22	31289394	31281593	0
22	31289394	31281678	0
22	31289700	31281612	0
22	31289700	31289037	0
22	31289700	31289314	0
22	31290727	31289498	0
22	31290755	31289314	0
22	31291085	31289498	0
22	31291085	31289640	0
22	31328860	31325808	7
22	31328925	31325803	5
22	31335864	31325808	2
22	31335864	31328786	2
22	31342961	31335691	2
22	31342961	31340676	15
22	31343286	31335417	2
22	31343592	31340676	5
22	31437819	31436976	9
22	31439908	31437685	11
22	31440869	31439358	7
22	31440869	31439364	7
22	31440869	31439366	7
22	31440869	31439368	7
22	31440869	31439372	7
22	31442119	31440703	8
22	31443095	31441773	5
22	31443095	31441802	9
22	31443420	31442034	6
22	31444691	31442961	5
22	31447009	31444605	5
22	31447566	31444605	1
22	31447566	31444631	1
22	31447569	31444437	1
22	31447569	31444605	1
22	31448233	31444605	3
22	31463968	31462931	1
22	31468303	31458474	0
22	31468303	31463680	0
22	31468303	31463699	0
22	31471918	31468174	0
22	31471918	31468281	0
22	31488746	31471843	0
22	31604946	31606327	6
22	31614861	31615047	20
22	31615280	31616744	13
22	31618227	31618313	18
22	31620600	31618976	54
22	31620714	31618490	37
22	31620714	31618510	34
22	31620714	31618514	34
22	31620714	31618558	33
22	31620714	31619102	62
22	31620714	31619443	50
22	31621143	31618613	55
22	31621143	31620552	41
22	31621143	31620577	42
22	31621473	31620552	27
22	31621473	31620995	27
22	31621473	31621053	27
22	31621886	31620552	29
22	31621886	31620995	29
22	31621886	31621333	29
22	31623850	31621648	25
22	31623850	31621861	25
22	31625787	31623683	18
22	31626017	31623683	17
22	31626295	31623683	20
22	31628211	31625762	29
22	31628211	31625821	23
22	31628222	31625762	23
22	31628982	31625877	31
22	31628983	31625762	29
22	31630832	31625762	16
22	31630863	31623683	15
22	31632292	31625762	20
22	31638399	31621648	10
22	31638406	31625762	6
22	31648277	31620995	6
22	31648277	31621333	10
22	31648277	31621648	6
22	31685804	31681349	36
22	31688228	31676255	1
22	31688228	31681346	2
22	31688228	31683628	4
22	31688228	31685041	1
22	31704727	31703549	0
22	31712348	31704443	2
22	31712746	31704654	1
22	31713846	31704654	0
22	31717292	31704654	0
22	31725611	31712082	0
22	31725611	31716726	0
22	31738912	31725537	0
22	31738912	31725543	0
22	31750073	31725537	0
22	31817090	31816378	0
22	31891435	31890343	0
22	31938116	31933520	0
22	31938116	31934039	0
22	31938418	31934010	0
22	31938455	31934347	0
22	32149781	32149005	0
22	32149927	32149179	0
22	32160393	32159453	0
22	32193193	32190434	0
22	32193193	32190437	0
22	32193193	32190705	0
22	32193402	32190703	0
22	32193480	32190434	0
22	32202452	32194344	0
22	32202512	32194344	0
22	32202551	32194344	0
22	32202572	32192901	0
22	32221023	32218475	0
22	32343106	32327170	0
22	32363059	32359905	0
22	32363118	32360651	0
22	32367715	32359905	0
22	32367715	32362800	0
22	32367715	32362971	0
22	32367715	32362973	0
22	32368568	32367689	0
22	32370942	32368496	0
22	32370986	32368496	0
22	32371000	32368496	0
22	32371077	32368496	0
22	32377350	32370898	0
22	32392360	32387581	2
22	32398101	32396073	0
22	32399760	32397940	0
22	32399760	32398041	1
22	32399760	32398047	1
22	32399986	32397947	1
22	32401904	32399602	3
22	32406762	32401561	1
22	32406762	32401746	0
22	32408243	32406661	0
22	32408834	32407878	0
22	32408834	32408174	0
22	32415992	32413846	0
22	32453504	32447211	0
22	32457387	32453333	0
22	32457387	32453382	0
22	32487829	32491085	5
22	32491182	32493104	5
22	32518335	32512551	0
22	32518335	32513575	0
22	32518335	32513674	0
22	32518335	32513691	0
22	32518335	32514438	0
22	32519687	32518042	0
22	32528006	32518042	0
22	32528006	32518192	0
22	32528006	32527671	0
22	32529009	32518051	0
22	32529083	32518042	0
22	32596737	32541570	0
22	32865005	32596673	0
22	32865005	32629605	0
22	32869059	32864574	0
22	32869101	32864914	0
22	32869126	32864914	0
22	32931482	32868965	0
22	32947580	32930994	0
22	32980703	32931389	0
22	33006825	32980644	0
22	33006825	32980672	0
22	33057859	33006351	0
22	33058373	33006351	0
22	33106060	33105382	0
22	33164371	33166180	0
22	33221752	33166386	0
22	33277256	33272860	0
22	33277256	33273075	0
22	33277256	33273088	0
22	33283349	33166004	0
22	33304508	33162225	0
22	33316249	33166733	0
22	33337802	33316084	0
22	33382045	33316084	0
22	33382045	33337645	0
22	33382045	33337768	0
22	33565020	33432160	0
22	33565020	33562912	0
22	33650669	33626243	0
22	33657217	33650374	0
22	33724913	33723831	0
22	33761559	33650366	0
22	33761559	33650367	0
22	33761559	33650439	0
22	33761559	33650448	0
22	33761559	33650594	0
22	33761559	33650631	0
22	33922597	33761370	0
22	33922842	33856739	0
22	34209263	34208140	0
22	34704364	34703125	0
22	34712898	34711907	0
22	35002863	34997718	0
22	35066463	35066751	0
22	35120068	35119823	0
22	35171603	35120012	0
22	35195020	35172338	3
22	35231057	35194856	1
22	35299542	35298837	0
22	35323622	35323622	0
22	35421461	35423213	31
22	35423342	35424153	70
22	35611107	35606763	0
22	35611107	35607271	0
22	35611107	35607332	0
22	35611107	35607374	0
22	35615714	35610883	0
22	35617266	35610883	0
22	35617266	35610969	0
22	35617330	35610883	0
22	35617457	35610883	0
22	35635135	35626987	0
22	35637209	35617162	0
22	35745996	35738735	18
22	35745996	35743601	5
22	35745996	35743932	6
22	35745996	35743957	7
22	35745996	35743982	6
22	35745996	35744086	9
22	35745996	35744147	6
22	35745996	35744163	6
22	35745996	35744204	6
22	35760021	35746472	3
22	35760021	35752612	6
22	35760021	35756104	3
22	35760033	35746472	3
22	35760033	35756104	3
22	35761295	35746472	5
22	35761295	35756104	3
22	35761295	35759887	1
22	35761295	35760009	1
22	35768350	35765422	2
22	35778033	35768256	4
22	35778079	35768256	3
22	35778079	35768267	4
22	35781744	35768256	1
22	35781744	35777655	0
22	35781744	35778024	0
22	35781744	35778027	0
22	35781747	35778024	0
22	35810005	35778024	0
22	35938898	35809779	0
22	36028426	35938846	0
22	36145500	36141715	0
22	36145600	36140329	0
22	36145600	36141026	1
22	36145600	36141527	0
22	36145600	36141702	0
22	36145600	36141862	0
22	36145600	36145472	1
22	36146409	36145482	0
22	36149127	36145472	1
22	36149143	36145472	1
22	36149143	36145488	1
22	36149143	36145506	1
22	36149143	36145576	0
22	36149143	36146139	0
22	36149186	36145472	1
22	36149372	36145472	0
22	36149372	36145543	0
22	36149372	36146258	0
22	36149372	36149045	1
22	36149372	36149074	1
22	36156886	36149045	0
22	36156887	36155719	0
22	36156937	36145472	0
22	36156939	36149045	0
22	36156950	36149045	0
22	36157007	36149045	0
22	36160755	36149045	0
22	36160756	36149045	0
22	36160756	36149258	1
22	36160756	36149770	0
22	36160756	36153284	0
22	36160756	36156843	0
22	36160756	36159229	0
22	36160784	36154448	0
22	36160790	36145472	0
22	36160930	36145472	0
22	36160930	36149045	0
22	36160930	36149258	1
22	36195438	36189123	0
22	36195438	36189128	0
22	36195438	36190796	0
22	36195438	36191258	0
22	36195438	36191864	0
22	36195438	36191905	0
22	36199376	36197455	0
22	36199377	36195094	0
22	36199377	36195310	0
22	36199377	36195325	0
22	36199377	36197454	0
22	36199420	36195310	0
22	36199609	36199329	0
22	36201797	36199329	0
22	36201842	36199329	0
22	36201878	36199329	0
22	36201889	36199329	0
22	36201889	36199334	0
22	36201889	36199554	0
22	36201889	36199555	0
22	36202056	36199329	0
22	36202056	36201699	0
22	36202095	36201699	0
22	36204716	36201583	0
22	36204744	36201992	0
22	36204807	36199329	0
22	36204807	36201699	0
22	36204807	36201992	0
22	36204809	36199329	0
22	36204834	36201992	0
22	36204841	36201992	0
22	36231467	36226202	7
22	36231467	36226209	8
22	36231467	36227341	10
22	36231467	36228031	9
22	36231467	36228194	9
22	36237186	36233401	20
22	36239228	36233401	7
22	36239240	36236884	7
22	36239528	36237060	7
22	36239562	36233401	5
22	36239562	36234235	18
22	36239562	36236932	10
22	36239571	36236963	10
22	36239583	36236926	9
22	36239644	36233401	5
22	36266108	36266888	6
22	36284266	36281276	7
22	36284512	36284092	3
22	36284512	36284161	5
22	36285330	36284213	3
22	36285330	36284402	2
22	36288414	36286717	3
22	36295718	36294931	3
22	36297015	36295504	0
22	36297324	36295511	3
22	36301058	36300126	1
22	36301666	36300850	0
22	36301715	36300909	2
22	36302677	36301533	3
22	36304026	36302307	1
22	36304156	36302567	1
22	36316670	36314144	0
22	36318326	36316512	0
22	36318326	36316516	0
22	36320364	36319539	0
22	36320897	36320219	1
22	36320897	36320240	2
22	36320897	36320273	2
22	36326662	36322428	1
22	36326662	36325032	5
22	36349256	36341369	0
22	36364834	36348927	0
22	36365113	36348903	0
22	36388068	36348903	0
22	36454945	36445394	0
22	36468718	36467883	2
22	36476857	36467035	2
22	36476857	36467045	2
22	36476857	36467548	2
22	36476857	36467590	4
22	36493804	36487189	4
22	36493804	36488241	4
22	36493804	36488598	6
22	36493804	36489986	7
22	36506424	36504514	6
22	36506531	36504514	6
22	36507023	36505895	5
22	36507044	36506163	9
22	36507102	36505895	5
22	36511642	36510855	7
22	36511787	36510849	6
22	36511787	36510867	6
22	36511787	36510898	10
22	36512603	36511502	28
22	36512603	36511576	34
22	36512603	36511700	44
22	36512930	36511502	43
22	36516608	36512459	48
22	36516791	36516477	6
22	36516924	36516062	15
22	36516932	36516477	20
22	36518911	36516704	40
22	36518911	36517300	36
22	36519502	36518762	10
22	36519538	36518762	10
22	36519538	36518812	11
22	36520689	36519404	6
22	36523282	36520575	5
22	36523282	36520632	6
22	36523981	36523114	5
22	36523981	36523208	4
22	36524733	36523894	1
22	36524733	36523915	0
22	36525710	36524595	1
22	36526132	36524694	1
22	36537605	36536655	0
22	36566494	36563920	0
22	36585455	36584488	0
22	36587549	36566352	0
22	36760908	36758210	1
22	36760920	36758210	1
22	36761103	36758210	2
22	36763014	36758201	4
22	36763014	36758202	4
22	36763014	36758210	4
22	36763014	36760843	3
22	36764037	36762903	0
22	36764037	36762932	0
22	36766198	36758210	2
22	36766198	36763918	0
22	36766198	36763995	1
22	36766455	36763918	1
22	36767366	36766137	1
22	36767820	36767305	0
22	36767860	36767062	0
22	36767860	36767305	0
22	36767863	36767305	0
22	36775700	36767782	1
22	36775795	36767782	1
22	36776104	36767982	0
22	36776126	36767782	0
22	36776134	36767782	0
22	36776154	36767782	0
22	36776257	36772402	0
22	36811525	36800700	0
22	36813756	36800683	0
22	36813756	36800766	0
22	36813756	36811474	0
22	36815236	36813449	0
22	36815236	36813645	0
22	36870381	36858020	0
22	36870442	36847371	0
22	36875784	36876028	0
22	36938437	36939191	0
22	36953036	36950528	0
22	36991592	36991119	0
22	36991592	36991124	0
22	36991592	36991155	0
22	37018754	37010858	3
22	37019468	37010858	3
22	37019528	37018137	4
22	37019641	37018360	4
22	37020184	37018137	4
22	37024811	37025001	11
22	37024811	37029215	28
22	37025128	37029215	21
22	37060923	37061103	7
22	37066963	37065435	6
22	37084405	37075134	0
22	37084405	37082849	0
22	37084826	37084294	0
22	37084840	37083939	0
22	37084840	37084294	0
22	37096091	37095550	0
22	37096716	37095905	0
22	37096716	37096069	0
22	37132469	37125837	0
22	37132469	37128521	0
22	37136394	37135327	0
22	37136409	37135327	0
22	37137736	37136227	0
22	37137736	37136364	0
22	37139223	37137586	0
22	37139223	37137684	0
22	37142513	37139071	0
22	37142513	37139116	0
22	37142752	37139142	0
22	37143622	37142433	0
22	37143636	37142433	0
22	37143636	37142449	0
22	37182583	37180166	5
22	37182736	37180166	2
22	37182828	37182151	1
22	37184438	37182173	0
22	37185456	37180166	0
22	37185456	37182151	0
22	37185456	37182735	0
22	37185949	37180170	1
22	37190929	37188162	4
22	37190929	37190552	3
22	37210966	37206479	0
22	37212323	37204237	0
22	37226804	37225260	0
22	37226804	37225851	0
22	37226804	37225965	0
22	37231391	37226670	0
22	37231391	37226672	0
22	37231391	37226752	0
22	37231504	37226670	0
22	37232919	37231931	0
22	37241659	37232403	0
22	37241659	37232800	0
22	37241659	37240804	0
22	37311528	37312019	0
22	37342704	37339582	0
22	37342704	37340643	0
22	37354840	37352189	0
22	37371769	37372033	9
22	37385284	37342600	1
22	37417920	37367959	0
22	37417920	37367960	0
22	37417920	37375704	0
22	37417920	37375730	0
22	37417920	37375762	0
22	37427446	37342600	0
22	37470030	37469067	26
22	37472529	37469062	2
22	37472529	37469064	2
22	37472725	37469941	3
22	37474565	37469512	11
22	37474678	37472442	8
22	37476982	37474511	4
22	37476982	37474562	8
22	37479499	37476895	0
22	37480300	37479344	1
22	37480300	37479411	2
22	37480770	37480196	4
22	37480770	37480278	5
22	37481068	37480210	5
22	37486380	37480196	14
22	37486388	37480196	14
22	37491868	37490361	25
22	37491868	37490362	25
22	37491868	37490363	23
22	37492803	37492434	9
22	37494189	37492643	9
22	37494189	37492760	8
22	37494577	37492643	8
22	37496004	37495516	17
22	37496561	37495759	8
22	37496561	37495900	10
22	37496624	37495849	10
22	37496781	37495759	5
22	37507955	37506191	2
22	37508683	37507828	7
22	37508683	37507881	7
22	37509150	37508526	1
22	37510422	37508526	0
22	37510566	37508526	0
22	37570736	37570245	0
22	37571932	37570575	0
22	37579986	37571848	0
22	37580081	37571848	0
22	37642616	37642894	0
22	37642616	37642898	0
22	37642738	37642894	0
22	37643762	37641831	0
22	37648423	37643626	0
22	37649926	37648322	0
22	37650713	37649853	1
22	37655316	37655925	16
22	37658378	37650330	3
22	37678393	37678482	113
22	37691425	37693331	62
22	37832745	37830854	17
22	37832745	37830855	17
22	37832745	37831824	13
22	37832745	37831859	13
22	37832745	37831934	17
22	37832745	37831969	18
22	37832745	37831978	18
22	37833083	37832636	23
22	37833083	37832675	23
22	37833110	37832636	23
22	37833207	37832636	20
22	37833207	37832957	19
22	37833207	37833008	21
22	37833207	37833040	21
22	37833751	37832992	13
22	37833751	37833158	9
22	37833756	37832636	16
22	37833756	37832957	14
22	37833756	37833158	9
22	37838594	37833158	15
22	37838599	37833158	15
22	37844277	37840186	0
22	37844322	37838499	0
22	37844324	37840186	0
22	37844432	37840186	0
22	37849328	37840186	0
22	37849483	37850014	4
22	37849714	37850014	10
22	37878172	37886764	4
22	37886846	37886949	1
22	37886846	37888425	4
22	37887072	37888425	4
22	37941534	37941669	209
22	37944518	37943049	50
22	37944518	37943520	62
22	37944518	37943525	62
22	37944518	37944124	61
22	37945174	37944416	27
22	37945174	37944512	25
22	37947464	37945041	17
22	37947464	37945160	13
22	37951523	37947280	3
22	37953159	37947280	0
22	37953159	37951459	0
22	37953546	37951459	0
22	37974199	37970685	12
22	37978136	37972299	22
22	37978136	37974043	32
22	37983415	37977866	19
22	37983869	37977866	21
22	37983869	37977922	24
22	37984409	37978081	8
22	37987423	37984338	1
22	38026148	38026273	0
22	38034229	38032164	0
22	38067771	38068071	20
22	38073824	38074306	40
22	38073941	38057179	2
22	38081680	38078133	24
22	38082033	38080839	30
22	38082882	38081888	3
22	38082882	38081954	3
22	38084094	38078133	7
22	38085733	38084888	13
22	38085733	38084902	13
22	38086450	38085164	12
22	38097179	38089521	1
22	38112578	38111494	0
22	38112578	38111495	0
22	38112578	38111499	0
22	38112856	38111871	0
22	38113655	38112503	0
22	38115682	38113486	3
22	38115850	38113537	1
22	38116212	38115526	1
22	38116212	38115555	5
22	38116411	38116074	1
22	38120910	38116074	5
22	38120910	38116093	4
22	38120910	38116319	4
22	38121041	38116074	3
22	38123259	38120758	1
22	38125692	38123094	14
22	38126443	38123094	5
22	38126450	38123094	5
22	38126450	38123203	6
22	38126450	38125638	5
22	38126756	38125638	7
22	38127229	38126370	11
22	38127459	38126370	9
22	38128431	38126370	1
22	38128431	38126995	0
22	38128431	38127406	0
22	38129507	38128160	1
22	38129563	38126370	1
22	38129563	38128268	2
22	38129563	38128342	2
22	38132112	38129517	0
22	38132878	38129453	2
22	38133014	38129453	1
22	38133014	38129540	0
22	38133014	38131989	2
22	38135064	38132830	0
22	38135085	38132830	0
22	38140034	38134987	0
22	38140170	38126370	1
22	38140170	38134987	0
22	38143215	38139981	0
22	38143289	38134987	0
22	38143289	38139981	0
22	38143289	38140064	1
22	38143289	38140133	1
22	38143495	38139981	0
22	38144979	38143236	0
22	38145465	38143104	0
22	38145654	38140133	0
22	38145654	38140134	0
22	38145654	38143104	0
22	38145654	38143228	0
22	38145654	38144895	0
22	38148624	38145492	0
22	38148624	38145591	0
22	38148624	38145605	0
22	38148624	38147367	0
22	38163673	38145437	0
22	38168078	38145437	0
22	38168091	38145437	0
22	38169468	38143104	0
22	38169468	38148492	0
22	38169472	38145437	0
22	38169472	38145562	0
22	38169472	38145623	0
22	38169472	38147378	0
22	38169472	38148492	0
22	38180405	38169217	0
22	38181755	38169217	0
22	38181781	38169217	0
22	38181784	38169217	0
22	38181803	38169217	0
22	38181809	38169217	0
22	38181815	38169217	0
22	38181829	38169217	0
22	38181830	38169217	0
22	38181831	38169217	0
22	38192101	38169217	0
22	38205691	38169274	0
22	38222663	38221144	20
22	38222933	38220974	17
22	38224980	38219290	17
22	38224980	38219311	15
22	38224980	38219323	15
22	38224980	38222641	20
22	38225594	38224784	5
22	38226871	38225423	13
22	38226871	38225519	13
22	38226871	38225577	12
22	38230745	38226598	0
22	38230745	38226778	0
22	38231319	38226379	2
22	38231335	38230668	0
22	38231400	38230717	0
22	38231457	38230668	0
22	38239503	38231243	0
22	38246093	38231243	0
22	38246101	38231243	0
22	38246101	38231330	0
22	38246739	38245934	0
22	38246886	38245934	0
22	38248020	38231243	0
22	38248020	38245934	0
22	38248020	38246715	0
22	38248020	38246784	0
22	38248020	38246805	0
22	38293320	38290690	46
22	38293320	38290691	46
22	38293320	38291917	46
22	38293320	38291929	46
22	38293320	38292313	58
22	38294249	38292908	31
22	38294249	38293249	50
22	38294249	38293254	54
22	38294249	38293259	54
22	38294460	38294108	70
22	38294528	38294108	50
22	38294535	38293902	58
22	38294535	38294108	55
22	38298204	38297601	85
22	38298853	38294341	47
22	38298935	38294341	25
22	38298935	38295386	48
22	38298935	38296204	93
22	38298935	38296205	93
22	38298935	38296625	96
22	38298935	38298028	94
22	38298935	38298093	81
22	38300026	38298785	15
22	38300066	38298579	6
22	38300066	38298785	6
22	38300764	38299894	7
22	38300953	38299894	2
22	38300953	38299955	8
22	38336174	38335761	0
22	38336707	38314081	0
22	38336707	38336124	2
22	38343965	38336336	0
22	38347586	38336607	0
22	38347586	38344623	0
22	38361561	38336607	2
22	38361561	38344531	5
22	38361561	38347488	10
22	38361561	38350376	8
22	38361561	38360398	10
22	38363105	38361380	3
22	38370046	38361398	1
22	38370046	38363053	1
22	38370046	38368897	3
22	38380424	38361139	0
22	38380424	38361398	2
22	38380424	38369985	1
22	38380991	38380150	1
22	38380991	38380369	1
22	38388858	38387917	1
22	38397446	38380936	1
22	38398523	38380936	0
22	38398861	38380936	0
22	38398874	38380936	0
22	38398917	38380936	0
22	38398921	38380936	0
22	38398922	38380936	0
22	38398930	38380936	0
22	38455200	38426326	0
22	38488116	38483439	433
22	38488116	38485877	26
22	38488116	38485934	30
22	38488962	38485676	230
22	38489459	38488025	306
22	38492116	38485680	261
22	38492116	38485934	251
22	38492116	38487872	247
22	38492116	38487878	246
22	38492116	38489227	251
22	38492116	38490312	205
22	38493772	38487878	13
22	38493772	38492055	12
22	38494132	38493360	9
22	38494132	38493709	4
22	38494803	38494020	6
22	38495047	38494309	8
22	38495047	38494629	8
22	38498574	38498084	2
22	38499500	38498439	0
22	38499500	38498552	0
22	38505902	38501129	8
22	38506238	38501129	9
22	38506295	38501129	9
22	38506307	38505164	18
22	38506313	38501129	9
22	38506338	38501129	8
22	38507661	38501129	2
22	38521725	38518948	0
22	38538410	38537591	0
22	38538613	38538294	0
22	38549998	38539320	1
22	38549998	38545767	0
22	38552708	38538538	0
22	38552708	38549361	0
22	38552708	38549497	0
22	38552708	38549924	0
22	38555410	38552665	0
22	38555410	38552670	0
22	38570132	38568205	0
22	38570185	38568205	0
22	38570205	38569283	0
22	38570287	38568205	0
22	38575432	38574930	0
22	38582918	38582168	3
22	38583045	38582168	2
22	38586146	38582861	2
22	38586200	38582861	2
22	38591541	38578119	0
22	38591541	38586023	0
22	38591541	38586064	0
22	38597356	38591434	0
22	38597357	38591360	0
22	38597357	38591433	0
22	38599922	38597203	0
22	38599922	38597206	0
22	38605349	38597203	0
22	38620292	38607388	0
22	38620292	38618395	0
22	38623280	38620211	0
22	38623280	38620215	0
22	38623281	38620211	0
22	38626304	38620211	0
22	38636552	38628833	0
22	38636598	38628833	0
22	38638823	38636450	0
22	38638823	38636545	0
22	38638823	38636556	0
22	38639725	38638745	0
22	38639725	38638771	0
22	38645646	38638745	0
22	38650263	38645562	0
22	38653854	38650026	0
22	38656279	38650026	0
22	38656282	38650026	0
22	38656304	38650026	0
22	38656363	38649944	0
22	38656630	38650026	0
22	38667663	38668016	5
22	38668751	38666507	4
22	38670304	38667861	5
22	38670990	38671069	5
22	38681771	38667584	3
22	38681788	38675813	0
22	38681821	38670467	1
22	38689130	38685542	11
22	38689130	38687717	8
22	38689324	38687923	12
22	38689425	38688934	11
22	38689425	38689073	13
22	38699971	38688934	5
22	38700124	38689295	5
22	38700668	38689295	4
22	38700931	38699802	11
22	38700941	38699802	10
22	38700943	38700281	8
22	38701031	38699802	3
22	38701033	38700160	14
22	38701419	38700275	1
22	38701557	38699800	3
22	38735311	38736028	109
22	38738266	38734724	22
22	38738266	38734735	23
22	38738266	38735908	23
22	38738755	38737759	37
22	38738755	38738172	51
22	38738755	38738237	51
22	38738989	38738586	51
22	38739248	38738586	52
22	38739424	38738872	43
22	38739427	38738872	44
22	38739427	38738925	44
22	38739944	38739340	39
22	38739944	38739341	39
22	38740433	38739721	49
22	38741051	38739721	52
22	38741051	38740266	52
22	38741051	38740291	59
22	38741572	38740266	71
22	38745812	38742300	4
22	38745812	38745074	5
22	38748784	38745683	7
22	38748784	38745686	7
22	38749860	38748712	1
22	38750315	38749765	4
22	38750321	38749765	2
22	38750384	38749765	2
22	38751036	38749765	2
22	38751036	38750224	2
22	38751374	38750224	3
22	38751374	38750887	2
22	38751374	38750897	2
22	38751374	38750991	4
22	38751374	38751006	4
22	38751374	38751019	4
22	38751442	38750897	2
22	38752666	38750897	1
22	38752666	38751209	1
22	38781010	38778507	0
22	38782871	38780717	2
22	38782871	38780925	2
22	38794133	38785304	0
22	38794144	38766233	0
22	38794149	38778852	0
22	38794174	38782662	0
22	38794199	38782662	0
22	38823263	38818451	2
22	38823263	38822608	0
22	38871547	38861449	12
22	38871547	38864228	32
22	38871758	38869571	11
22	38871758	38871479	0
22	38992150	38992430	3
22	38992582	38991558	4
22	38993004	38992397	7
22	39045221	39045427	0
22	39134474	39133583	6
22	39134753	39130771	6
22	39134780	39133690	2
22	39138703	39134400	1
22	39138703	39134568	5
22	39141437	39138635	1
22	39149833	39120166	0
22	39149833	39138635	0
22	39149833	39141119	0
22	39149833	39141370	0
22	39152445	39149788	0
22	39152541	39149788	0
22	39152553	39149788	0
22	39152651	39149788	0
22	39152675	39147117	0
22	39225848	39223358	0
22	39225848	39224934	0
22	39230229	39225694	0
22	39231828	39230083	0
22	39231828	39230158	0
22	39231828	39230183	0
22	39294507	39294758	0
22	39294978	39295328	0
22	39313311	39312881	160
22	39313311	39312883	160
22	39313706	39312883	262
22	39313730	39312883	282
22	39313730	39313190	254
22	39314209	39312886	223
22	39314209	39313633	364
22	39314209	39313706	349
22	39314847	39313930	196
22	39314847	39314106	189
22	39314847	39314149	189
22	39314966	39313190	193
22	39315430	39314685	202
22	39315487	39314685	209
22	39315556	39314685	232
22	39315556	39314699	254
22	39316842	39315368	154
22	39317022	39315368	108
22	39317022	39315551	263
22	39317069	39315361	210
22	39317630	39315368	224
22	39317630	39316705	295
22	39318593	39317050	92
22	39318593	39317395	76
22	39318593	39317460	72
22	39318615	39317460	71
22	39319112	39318399	154
22	39319578	39318111	114
22	39319593	39318399	70
22	39319596	39318399	68
22	39319624	39317854	113
22	39319624	39318399	73
22	39319626	39318399	75
22	39319650	39318399	69
22	39319772	39318399	55
22	39320390	39318399	14
22	39374554	39375935	5
22	39374554	39376051	7
22	39374661	39376051	3
22	39476823	39475806	0
22	39503723	39503810	3
22	39514225	39515229	64
22	39520752	39521353	111
22	39529918	39529092	34
22	39529918	39529155	34
22	39529918	39529213	37
22	39530555	39529819	25
22	39532094	39529096	17
22	39532524	39529445	26
22	39532524	39529819	23
22	39532524	39530463	21
22	39532733	39532394	1
22	39532739	39529819	16
22	39532761	39531728	15
22	39532762	39532394	1
22	39532856	39532394	1
22	39765610	39743043	0
22	39887904	39861764	0
22	39893791	39887399	0
22	39893865	39893214	0
22	40359036	40359259	5
22	40366499	40367468	11
22	40376516	40372731	0
22	40376516	40372736	0
22	40388218	40376263	0
22	40388218	40378169	0
22	40388218	40379351	0
22	40388291	40372663	1
22	40406663	40407016	7
22	40407072	40407200	26
22	40407329	40407412	43
22	40407569	40407788	21
22	40407844	40408070	8
22	40408121	40408276	5
22	40408843	40408932	23
22	40409019	40409249	60
22	40409019	40409339	61
22	40409526	40409681	51
22	40417047	40410280	1
22	40417047	40410281	2
22	40417047	40410289	2
22	40417047	40410301	3
22	40417047	40411389	2
22	40417047	40411838	2
22	40417494	40410281	1
22	40429768	40424205	1
22	40431481	40429350	0
22	40431481	40429605	0
22	40435555	40431404	0
22	40463287	40435498	0
22	40463419	40435498	0
22	40463435	40435498	0
22	40519613	40463220	0
22	40533636	40463220	0
22	40533812	40519463	0
22	40552312	40411143	0
22	40552368	40463220	1
22	40552368	40463227	1
22	40552368	40519584	0
22	40594736	40552105	0
22	40636688	40552105	0
22	40681125	40681502	0
22	40774020	40769629	0
22	40774020	40770087	3
22	40774020	40770488	0
22	40774020	40770894	1
22	40776309	40773936	3
22	40777136	40773936	2
22	40777136	40776189	2
22	40777374	40777039	1
22	40777374	40777059	1
22	40779126	40777227	2
22	40779126	40777298	4
22	40779126	40777337	5
22	40779126	40777359	5
22	40779895	40779008	7
22	40780195	40777227	5
22	40780256	40779061	4
22	40784605	40779008	2
22	40792596	40779008	1
22	40792677	40779008	1
22	40792677	40779033	1
22	40792677	40779077	1
22	40792677	40779757	1
22	40792677	40784512	0
22	40794581	40779008	1
22	40794581	40792524	0
22	40794581	40792531	0
22	40797337	40779008	1
22	40797337	40792524	0
22	40799041	40779008	0
22	40799041	40792524	0
22	40799041	40794513	0
22	40799084	40779008	1
22	40799084	40792524	0
22	40799084	40794513	0
22	40799084	40797253	0
22	40799084	40797283	0
22	40817378	40799022	1
22	40819317	40799022	2
22	40819327	40799022	1
22	40819331	40799022	2
22	40819333	40799022	2
22	40819338	40799022	2
22	40819347	40799022	2
22	40819351	40792524	2
22	40819368	40799022	2
22	40819376	40799560	4
22	40819381	40799022	2
22	40819383	40799022	2
22	40819390	40799022	2
22	40819400	40799022	2
22	40827144	40826420	2
22	40827230	40824534	8
22	40829675	40827095	3
22	40829675	40827149	1
22	40829675	40827220	8
22	40830957	40829625	9
22	40832217	40830874	9
22	40832672	40827095	5
22	40832672	40830839	9
22	40832672	40832086	7
22	40835671	40832568	1
22	40835671	40832624	2
22	40835671	40832651	1
22	40835888	40835559	1
22	40835906	40830839	2
22	40835950	40835392	1
22	40860794	40861617	9
22	41169582	41169189	0
22	41183145	41169521	2
22	41195522	41174590	0
22	41214704	41209121	1
22	41217203	41219418	5
22	41217311	41209681	0
22	41217624	41217031	1
22	41217628	41213629	0
22	41227324	41227574	15
22	41227324	41227803	18
22	41227680	41227803	17
22	41235197	41229509	0
22	41235344	41229512	0
22	41236651	41235139	0
22	41236651	41235144	0
22	41238886	41235144	0
22	41249452	41245610	29
22	41249452	41245614	28
22	41254495	41252871	14
22	41256106	41254307	14
22	41256291	41256020	10
22	41264844	41257947	2
22	41264844	41261445	2
22	41268157	41264663	0
22	41268157	41264743	0
22	41274661	41268096	1
22	41274728	41268096	0
22	41281083	41274599	0
22	41281213	41274599	4
22	41281622	41280932	65
22	41281639	41280932	65
22	41282515	41274599	6
22	41285154	41280932	56
22	41286252	41280932	22
22	41446786	41437041	10
22	41447024	41433491	4
22	41467615	41459716	3
22	41467615	41460302	10
22	41467615	41460431	9
22	41526454	41527287	30
22	41527421	41527900	28
22	41528023	41528478	17
22	41530889	41525803	9
22	41530889	41525825	8
22	41530889	41528841	5
22	41530889	41528842	5
22	41530889	41528864	5
22	41530889	41529211	4
22	41532158	41530686	8
22	41532746	41532093	7
22	41532746	41532118	6
22	41533688	41532658	6
22	41540796	41532093	7
22	41540796	41532603	3
22	41540796	41532658	3
22	41540796	41533521	2
22	41544122	41539142	7
22	41544122	41540698	4
22	41544387	41532624	7
22	41544428	41540698	3
22	41544446	41540698	1
22	41544456	41540698	2
22	41544463	41540698	2
22	41577924	41576893	0
22	41577924	41576902	0
22	41577924	41576930	0
22	41577924	41576936	0
22	41584059	41578805	3
22	41584373	41578805	1
22	41584373	41583958	5
22	41584373	41583982	5
22	41584373	41584019	4
22	41584604	41583958	2
22	41584604	41584280	0
22	41585403	41583958	0
22	41586194	41584005	1
22	41586194	41584526	0
22	41586431	41586075	2
22	41589164	41586075	0
22	41589819	41586075	1
22	41589826	41586075	1
22	41589830	41586105	1
22	41589891	41586075	0
22	41602524	41600892	23
22	41603382	41598027	16
22	41603382	41602000	27
22	41604088	41602974	1
22	41604154	41603258	4
22	41604226	41603258	4
22	41621592	41621989	17
22	41676324	41673933	27
22	41680365	41673929	14
22	41680365	41673932	14
22	41680365	41674614	35
22	41680365	41674706	35
22	41680365	41674788	32
22	41680365	41674816	32
22	41680365	41674924	29
22	41680365	41675030	32
22	41680365	41675032	32
22	41680365	41675151	30
22	41688328	41680243	11
22	41688800	41687721	8
22	41688805	41688078	8
22	41688826	41688151	9
22	41688848	41687741	9
22	41688868	41680243	11
22	41688896	41682355	7
22	41688910	41680243	10
22	41688982	41680243	10
22	41688982	41682355	11
22	41690505	41680243	7
22	41781395	41781684	1
22	41834666	41831214	1
22	41875452	41875542	0
22	41900123	41900329	9
22	41910555	41909553	0
22	41911350	41910407	0
22	41914567	41911292	0
22	41914668	41911215	0
22	41926332	41922022	5
22	41940220	41938736	3
22	41943702	41938720	4
22	41943702	41938736	4
22	41943702	41939171	2
22	41945305	41938736	1
22	41945305	41938748	0
22	41945305	41943609	2
22	41945390	41943609	2
22	41946006	41943609	2
22	41946006	41944920	1
22	41946006	41945224	1
22	41946497	41945912	6
22	41946689	41945912	6
22	41946694	41945912	6
22	41946730	41945912	5
22	41947134	41946307	1
22	41947137	41946416	1
22	41947152	41946416	1
22	41947165	41946416	1
22	41981939	41981303	0
22	41982218	41981745	0
22	41994715	41996901	0
22	42001338	42001520	1
22	42030824	42032392	0
22	42030824	42032630	0
22	42032488	42032630	0
22	42061068	42058353	2
22	42061068	42059795	1
22	42061068	42059801	1
22	42087176	42085524	6
22	42087176	42085526	6
22	42087336	42086115	6
22	42090885	42087059	3
22	42090956	42087059	4
22	42123805	42124046	29
22	42124131	42124476	33
22	42124131	42124519	33
22	42126993	42126498	2
22	42126993	42126500	2
22	42126993	42126534	2
22	42126993	42126555	2
22	42136283	42136671	34
22	42138106	42136432	16
22	42139928	42137986	4
22	42140697	42140202	4
22	42140697	42140204	4
22	42141340	42140554	2
22	42141368	42140554	2
22	42141397	42140554	2
22	42141397	42141151	3
22	42141676	42140554	1
22	42141676	42141151	6
22	42141676	42141370	6
22	42141925	42141624	1
22	42142045	42141241	2
22	42142045	42141533	2
22	42142881	42142478	0
22	42143582	42142478	0
22	42143582	42142727	0
22	42143582	42142736	0
22	42144000	42143409	26
22	42144329	42143409	6
22	42144550	42143283	7
22	42144550	42143409	5
22	42144578	42143409	6
22	42150305	42149885	3
22	42168704	42161097	9
22	42168737	42160012	12
22	42169897	42161055	3
22	42215441	42179608	1
22	42215443	42179608	0
22	42273975	42274655	7
22	42343617	42214846	0
22	42369169	42364399	0
22	42369209	42364401	1
22	42369237	42364524	0
22	42387079	42380409	0
22	42411737	42409434	0
22	42411737	42410276	0
22	42502393	42502748	0
22	42510725	42511815	52
22	42510725	42512117	44
22	42511928	42512117	24
22	42514305	42509967	23
22	42514780	42514105	10
22	42515269	42514676	7
22	42515269	42514681	7
22	42516137	42515150	6
22	42516297	42515200	6
22	42555346	42555663	2
22	42555346	42556063	3
22	42555346	42556513	0
22	42555706	42556047	0
22	42555706	42556063	0
22	42555706	42556513	0
22	42556084	42556513	4
22	42573746	42573935	47
22	42574819	42555222	6
22	42574819	42569128	39
22	42576127	42573243	14
22	42576127	42574679	13
22	42576127	42574732	11
22	42577099	42576511	7
22	42577963	42576980	5
22	42577963	42577097	3
22	42587573	42583720	4
22	42587573	42583721	4
22	42587573	42585886	6
22	42596366	42583721	0
22	42597738	42596185	4
22	42599794	42596185	2
22	42599794	42596253	2
22	42599794	42597672	0
22	42599794	42597707	1
22	42603013	42601969	4
22	42603161	42584983	3
22	42603161	42599697	0
22	42603161	42601969	0
22	42603687	42602767	0
22	42614858	42602769	0
22	42614861	42602769	0
22	42614870	42602769	0
22	42614912	42602769	0
22	42614932	42602769	0
22	42614963	42602769	0
22	42623889	42617839	2
22	42623889	42618807	3
22	42623889	42618841	3
22	42623889	42618852	4
22	42623889	42618874	4
22	42623889	42619743	3
22	42627689	42627303	7
22	42628282	42627604	2
22	42628282	42627640	2
22	42631451	42630881	2
22	42633349	42628151	5
22	42636847	42631040	0
22	42636847	42631377	5
22	42636891	42631377	3
22	42644510	42636714	0
22	42646680	42636714	0
22	42646702	42636714	0
22	42646978	42636714	1
22	42647071	42636714	1
22	42649569	42636714	1
22	42694987	42692120	1
22	42695632	42692111	0
22	42695632	42692121	0
22	42695632	42693970	0
22	42695634	42692121	0
22	42720820	42695574	0
22	42720830	42695145	0
22	42720863	42718245	0
22	42720911	42695490	0
22	42721299	42695170	0
22	42793663	42791813	0
22	42799161	42796501	3
22	42799161	42797413	3
22	42807164	42799038	0
22	42808891	42807072	0
22	42808891	42807073	0
22	42823703	42822269	0
22	42827000	42823655	0
22	42835494	42834241	0
22	42841017	42831548	0
22	42841017	42834241	0
22	42841017	42835361	0
22	42841017	42835411	0
22	42841017	42835412	0
22	42847633	42840943	0
22	42857240	42847513	0
22	42857269	42847513	0
22	42857295	42847233	0
22	42857403	42847513	0
22	42858107	42847513	0
22	42858523	42840943	0
22	42876208	42858386	2
22	42876334	42869767	1
22	42876334	42869770	1
22	42876334	42869774	1
22	42876334	42870929	6
22	42876334	42871127	5
22	42877011	42876136	5
22	42879170	42876136	2
22	42891183	42888642	0
22	42893614	42890934	0
22	42893614	42890943	0
22	42893614	42890946	0
22	42909566	42893456	0
22	42912158	42893456	0
22	42912158	42893573	0
22	43046574	43039643	0
22	43046574	43039668	0
22	43046574	43039775	0
22	43059528	43046409	0
22	43059528	43051800	0
22	43137299	43132205	4
22	43141250	43132879	2
22	43141250	43137080	0
22	43142965	43140829	0
22	43143281	43141055	1
22	43143365	43141161	0
22	43143395	43141161	0
22	43168913	43166621	4
22	43168913	43166622	4
22	43168913	43167602	7
22	43174404	43173714	23
22	43174616	43174208	18
22	43174616	43174292	11
22	43207614	43197282	0
22	43214252	43212424	0
22	43229189	43203991	0
22	43231876	43229071	0
22	43231876	43229115	0
22	43238955	43231752	0
22	43238955	43231755	0
22	43255578	43237575	0
22	43255578	43238837	0
22	43258336	43238837	0
22	43272515	43270136	0
22	43272540	43270131	0
22	43291181	43262719	0
22	43318350	43316836	0
22	43320066	43291045	0
22	43320066	43316957	0
22	43530965	43528743	0
22	43530965	43528777	0
22	43530965	43528779	0
22	43534873	43530814	0
22	43537546	43534687	0
22	43555097	43540126	0
22	43570144	43554868	0
22	43576489	43551845	0
22	43576489	43554868	0
22	43683856	43677995	0
22	43687582	43683663	0
22	43687582	43683746	0
22	43716973	43711474	0
22	43731812	43716670	0
22	43731812	43716847	0
22	43765394	43755765	0
22	43773104	43765304	0
22	43782326	43765304	0
22	43782326	43772891	0
22	43797352	43765304	0
22	43797352	43782209	0
22	43809132	43765304	0
22	43809132	43782179	0
22	43809132	43797244	0
22	43827641	43824509	0
22	43829199	43824508	0
22	43829199	43824509	0
22	43829199	43827513	0
22	43833735	43828805	0
22	43833735	43829059	0
22	43881675	43879677	0
22	43881675	43879678	0
22	43881675	43879875	0
22	43884346	43881557	0
22	43886489	43884212	0
22	44140144	44147860	0
22	44147923	44151482	0
22	44181432	44181741	0
22	44183409	44183589	0
22	44183409	44185807	0
22	44185873	44186576	0
22	44185873	44187775	0
22	44185873	44189113	0
22	44187879	44189113	0
22	44218774	44219483	0
22	44285746	44243666	0
22	44414815	44413484	0
22	44498299	44492571	10
22	44622457	44606938	0
22	44702410	44702491	21
22	44731005	44731729	0
22	44808439	44808671	0
22	44885530	44881161	0
22	44885530	44881164	0
22	44889783	44887962	0
22	44891361	44889759	0
22	44891361	44889772	0
22	44913963	44896031	0
22	44914089	44896031	0
22	44916451	44913821	0
22	44916631	44896031	0
22	44916631	44913821	0
22	44916631	44913915	0
22	44920491	44916279	0
22	44920491	44916320	0
22	44920491	44916454	0
22	44920491	44916594	0
22	44969084	44967014	0
22	44971471	44968987	0
22	45002023	45000564	0
22	45008611	44920397	0
22	45008611	44933472	0
22	45008611	44989121	0
22	45008987	45008544	0
22	45008994	45008544	0
22	45009322	45008544	0
22	45009548	45008544	0
22	45009593	45008544	0
22	45009613	45008152	0
22	45009650	45008544	0
22	45009701	45008544	0
22	45010000	44916279	0
22	45138917	45133019	2
22	45138917	45134362	3
22	45163660	45134289	12
22	45163782	45138823	2
22	45171684	45171808	16
22	45183521	45184452	2
22	45197949	45190337	9
22	45197949	45195827	10
22	45197949	45196037	26
22	45197949	45196748	4
22	45197949	45196963	12
22	45197949	45197105	12
22	45198034	45196701	7
22	45202685	45199872	3
22	45202716	45199872	3
22	45203185	45199872	4
22	45203986	45202989	1
22	45203986	45203130	1
22	45205319	45203844	0
22	45205642	45205216	0
22	45205708	45205216	0
22	45205708	45205220	0
22	45205708	45205222	0
22	45205708	45205259	0
22	45205913	45205629	0
22	45207773	45205792	0
22	45212082	45207572	0
22	45212108	45205792	0
22	45212108	45205883	0
22	45212108	45211334	2
22	45212446	45211333	3
22	45212458	45205792	0
22	45309082	45309199	0
22	45345570	45344062	0
22	45345570	45344457	1
22	45448744	45435863	0
22	45605622	45604431	0
22	45877361	45876127	0
22	45879205	45877213	0
22	45879250	45875998	0
22	45887749	45879090	0
22	45891439	45879090	0
22	45931370	45920361	0
22	45931370	45922110	0
22	45931370	45927481	0
22	45950147	45931097	0
22	45950147	45931295	0
22	46042641	46041008	2
22	46043700	46040265	1
22	46043700	46042573	0
22	46044611	46042573	0
22	46044854	46043562	0
22	46054145	46049477	0
22	46054145	46050458	0
22	46058161	46055739	2
22	46068090	46067355	0
22	46246796	46244020	9
22	46246796	46244050	9
22	46247222	46244010	5
22	46247222	46244012	5
22	46247222	46244908	11
22	46250295	46244622	10
22	46352331	46352524	24
22	46353868	46355443	71
22	46355589	46355989	92
22	46355589	46356841	81
22	46356073	46356841	64
22	46364252	46360833	4
22	46364737	46361173	4
22	46364737	46363995	0
22	46373058	46369691	0
22	46377262	46372882	0
22	46377262	46372912	0
22	46464346	46439188	0
22	46464346	46462779	0
22	46534201	46530307	0
22	46535295	46463706	0
22	46537171	46463706	0
22	46690201	46684410	0
22	46690201	46686982	5
22	46691778	46689991	4
22	46691778	46690054	11
22	46738091	46735158	2
22	46738208	46720901	0
22	46738262	46720901	0
22	47463389	47461298	0
22	47487089	47463466	0
22	47487112	47463317	0
22	47622953	47621042	0
22	47625634	47622455	0
22	47627243	47624467	0
22	47627578	47625229	0
22	47627578	47625234	0
22	47663604	47662558	0
22	48048550	48044709	0
22	48141002	48139460	0
22	48257703	48254902	0
22	48544926	48538899	0
22	48546604	48544671	0
22	48547013	48543320	0
22	48547343	48538901	0
22	49168729	49166420	0
22	49416736	49414523	0
22	49416929	49415775	0
22	49441213	49416814	0
22	49441213	49436223	0
22	49575427	49572263	0
22	49615717	49612656	0
22	49620661	49619641	4
22	49623611	49620455	1
22	49624682	49619643	0
22	49624682	49620470	0
22	49624682	49622194	0
22	49624682	49624166	1
22	49624921	49624177	0
22	49657458	49440875	0
22	49657505	49440875	0
22	49724507	49718052	0
22	49758002	49757626	0
22	49775746	49773282	7
22	49775746	49773292	7
22	49776116	49775260	2
22	49776160	49775590	0
22	49823206	49820832	4
22	49823214	49804203	2
22	49823302	49818211	3
22	49824332	49804203	0
22	49824805	49804203	0
22	49837787	49832615	0
22	49904255	49900228	8
22	49904255	49903649	34
22	49904255	49903960	28
22	49904385	49904178	24
22	49904507	49904178	22
22	49907919	49904336	4
22	49907945	49904178	4
22	49907945	49904336	4
22	49923318	49924359	24
22	49923318	49925416	14
22	49924456	49924985	10
22	49924456	49925416	10
22	49961033	49961124	38
22	49997075	49994512	0
22	50016563	50015122	0
22	50016563	50015126	0
22	50047297	50045855	0
22	50049323	50047167	0
22	50064199	50059390	0
22	50064199	50061460	0
22	50070584	50068432	0
22	50072816	50070526	0
22	50074333	50070526	0
22	50074333	50070538	0
22	50074333	50070541	0
22	50179136	50179220	2
22	50197352	50197448	40
22	50197589	50197822	86
22	50197996	50198074	231
22	50198516	50199115	190
22	50200838	50199089	15
22	50209543	50208460	44
22	50217358	50217360	140
22	50218099	50217693	8
22	50218118	50217688	22
22	50218118	50217693	22
22	50218403	50217688	35
22	50221875	50219287	87
22	50221875	50219643	97
22	50221875	50219956	104
22	50222103	50219956	105
22	50222103	50220191	92
22	50222103	50220250	88
22	50222103	50221274	77
22	50222103	50221759	2
22	50224257	50222027	14
22	50224257	50222453	24
22	50224421	50222986	26
22	50224421	50224140	1
22	50226843	50226286	2
22	50227078	50226732	1
22	50227078	50226734	1
22	50245737	50245449	20
22	50245828	50245182	45
22	50245828	50245185	46
22	50245828	50245404	71
22	50245828	50245441	70
22	50245828	50245506	55
22	50246093	50245441	83
22	50246093	50245449	82
22	50246093	50245674	81
22	50246377	50245674	22
22	50246377	50245909	30
22	50246377	50245978	31
22	50246736	50245790	27
22	50246736	50246297	21
22	50246736	50246328	23
22	50246967	50246297	23
22	50247777	50246874	20
22	50247949	50247691	27
22	50248146	50246297	24
22	50248146	50246678	27
22	50248146	50246874	25
22	50248146	50247691	65
22	50248146	50247695	65
22	50248293	50247889	61
22	50248373	50247889	61
22	50248456	50247137	49
22	50248473	50247889	51
22	50248473	50247907	52
22	50248473	50248224	51
22	50248752	50247889	49
22	50248752	50248224	48
22	50248752	50248365	44
22	50248860	50248661	34
22	50248891	50248661	40
22	50248891	50248694	35
22	50249041	50248661	52
22	50249076	50248661	48
22	50249169	50248224	58
22	50249169	50248365	52
22	50249169	50248661	52
22	50249204	50248365	43
22	50249209	50248661	52
22	50249455	50248661	53
22	50249455	50248830	42
22	50249455	50249102	52
22	50249517	50249102	52
22	50249704	50248365	52
22	50249704	50249102	39
22	50249704	50249327	42
22	50249720	50249327	37
22	50249965	50249286	17
22	50249965	50249327	15
22	50249965	50249634	9
22	50250161	50249858	12
22	50250161	50249859	12
22	50250161	50249867	14
22	50250256	50249859	39
22	50250524	50250062	59
22	50250524	50250118	60
22	50250891	50250062	35
22	50250906	50250062	36
22	50250906	50250426	34
22	50250973	50250256	39
22	50251229	50250426	57
22	50251386	50250062	34
22	50253481	50249859	28
22	50255371	50250062	20
22	50255371	50252902	142
22	50255371	50252919	142
22	50255532	50253780	124
22	50255532	50253787	122
22	50255532	50253852	133
22	50255532	50255196	11
22	50258302	50256598	54
22	50258302	50257081	34
22	50258302	50257562	63
22	50258302	50257688	34
22	50265028	50263714	41
22	50265495	50263712	4
22	50265495	50263738	5
22	50265495	50264794	3
22	50267175	50266933	8
22	50267287	50267126	7
22	50267483	50267126	3
22	50267483	50267137	3
22	50267483	50267252	3
22	50267483	50267256	3
22	50275964	50274978	95
22	50275964	50274984	94
22	50277739	50276841	6
22	50277739	50277634	7
22	50277960	50277674	11
22	50277965	50277590	11
22	50278014	50277590	9
22	50278014	50277852	68
22	50278265	50277960	16
22	50278272	50277852	10
22	50278272	50277966	19
22	50281190	50280743	4
22	50281500	50281088	7
22	50281500	50281126	8
22	50281743	50281088	7
22	50281743	50281359	65
22	50281935	50281359	60
22	50282007	50281359	67
22	50282082	50281565	53
22	50282082	50281573	69
22	50283446	50283049	26
22	50283751	50283336	11
22	50283751	50283337	11
22	50284214	50283832	10
22	50284245	50283832	10
22	50284666	50283832	11
22	50284666	50284131	11
22	50284666	50284166	10
22	50288038	50287666	0
22	50288872	50287936	0
22	50288872	50287986	0
22	50289143	50278595	4
22	50290598	50288959	142
22	50294779	50289516	1
22	50294779	50290099	2
22	50312418	50309029	0
22	50312418	50311965	0
22	50314273	50313634	3
22	50314273	50313813	3
22	50314495	50313813	0
22	50314495	50314202	0
22	50314495	50314206	0
22	50314922	50314604	0
22	50315770	50314798	0
22	50315770	50314821	0
22	50316088	50315713	0
22	50316254	50316024	0
22	50316476	50315713	0
22	50316476	50316173	0
22	50316627	50316369	1
22	50316713	50316369	1
22	50317374	50316024	0
22	50317374	50316369	0
22	50317374	50316565	0
22	50317374	50316653	0
22	50439858	50439960	34
22	50447454	50444999	20
22	50447454	50446805	53
22	50447454	50446809	54
22	50447454	50446825	78
22	50447610	50447082	4
22	50456674	50456215	30
22	50457112	50456491	28
22	50457348	50456588	19
22	50459393	50456491	13
22	50466259	50465960	7
22	50466483	50466149	18
22	50466483	50466195	16
22	50466711	50466349	5
22	50466711	50466430	5
22	50467356	50466349	11
22	50481764	50481836	1
22	50503905	50502948	13
22	50503905	50502950	13
22	50503905	50503260	184
22	50504985	50504339	23
22	50504985	50504558	23
22	50505154	50504801	22
22	50505538	50504833	49
22	50505816	50505056	50
22	50505816	50505402	47
22	50506214	50505673	41
22	50506214	50505695	41
22	50506221	50505673	40
22	50506503	50506034	37
22	50506667	50506284	8
22	50506667	50506395	1
22	50523167	50523234	44
22	50525605	50523595	14
22	50525607	50523567	16
22	50526142	50525751	9
22	50526142	50525754	9
22	50526142	50525755	9
22	50526142	50525784	9
22	50526146	50523567	20
22	50526146	50523905	14
22	50526157	50525751	9
22	50526440	50523567	12
22	50526440	50524001	8
22	50526477	50525751	9
22	50526477	50525756	9
22	50528611	50527587	6
22	50529339	50527587	3
22	50529339	50528511	2
22	50529720	50529135	5
22	50529732	50529135	5
22	50529755	50529135	5
22	50529991	50529495	6
22	50529997	50529135	5
22	50530000	50529495	6
22	50530013	50527791	4
22	50530016	50529495	5
22	50530019	50529495	5
22	50530033	50529495	5
22	50530057	50529495	5
22	50530829	50529709	8
22	50530853	50530408	11
22	50530853	50530425	11
22	50530853	50530440	12
22	50530853	50530479	16
22	50531059	50530711	16
22	50531296	50530637	4
22	50531296	50530936	4
22	50531342	50530936	4
22	50531424	50530538	2
22	50531774	50530936	2
22	50531774	50531190	2
22	50531823	50530936	2
22	50532078	50531569	2
22	50532109	50531190	2
22	50532112	50531569	2
22	50532112	50531744	2
22	50532148	50531569	1
22	50532185	50531569	1
22	50546487	50547567	0
22	50556406	50551111	0
22	50556433	50551196	0
22	50569422	50568860	5
22	50569422	50568861	5
22	50569422	50568868	5
22	50569422	50568994	27
22	50569669	50569083	2
22	50569669	50569166	2
22	50569669	50569335	2
22	50569669	50569337	2
22	50570407	50569575	1
22	50571044	50570292	2
22	50571044	50570347	1
22	50572123	50571157	10
22	50572123	50571374	13
22	50572298	50572005	9
22	50572309	50571882	9
22	50572309	50572005	8
22	50573061	50572202	5
22	50573101	50572202	5
22	50573716	50572874	21
22	50574420	50573519	18
22	50574420	50573807	19
22	50574601	50574334	4
22	50574983	50574364	7
22	50576065	50574492	4
22	50576113	50574492	7
22	50576336	50576034	1
22	50576336	50576055	1
22	50576638	50576197	1
22	50576904	50576197	36
22	50577035	50576197	15
22	50577035	50576535	44
22	50577464	50576625	14
22	50577464	50576706	14
22	50577464	50576856	14
22	50577464	50576939	16
22	50577869	50577323	2
22	50577916	50577323	11
22	50577935	50577323	6
22	50577935	50577355	6
22	50578021	50577323	2
22	50578247	50577774	4
22	50578418	50577774	8
22	50578456	50577774	8
22	50578466	50577774	8
22	50578660	50577774	7
22	50578660	50577818	11
22	50579256	50577774	10
22	50579256	50578548	12
22	50579459	50579035	3
22	50579508	50578948	5
22	50579508	50578958	5
22	50579508	50578962	5
22	50579508	50578965	5
22	50579508	50579035	5
22	50579753	50579425	2
22	50579803	50579425	4
22	50579831	50579035	4
22	50579831	50579425	2
22	50579831	50579449	3
22	50580000	50579790	13
22	50580083	50579425	6
22	50580083	50579726	15
22	50580254	50579973	14
22	50580272	50579726	11
22	50580272	50579973	19
22	50580272	50580056	17
22	50580417	50579803	14
22	50580417	50579973	14
22	50580417	50580189	30
22	50580604	50580357	11
22	50580661	50580189	12
22	50580661	50580356	12
22	50580661	50580357	12
22	50580781	50580189	12
22	50581863	50581419	82
22	50582096	50581748	111
22	50582358	50581419	83
22	50582358	50581748	97
22	50582421	50581606	112
22	50582459	50581748	88
22	50582821	50581419	75
22	50582825	50580564	63
22	50582846	50581748	80
22	50582855	50581419	105
22	50582855	50581748	80
22	50582966	50581419	78
22	50601456	50582248	0
22	50623896	50622753	7
22	50625465	50623773	17
22	50625657	50625362	11
22	50625682	50625017	15
22	50625682	50625027	13
22	50625682	50625028	12
22	50625682	50625032	12
22	50626761	50626153	9
22	50627053	50626590	30
22	50627407	50626833	18
22	50627793	50627165	18
22	50628171	50626590	7
22	50628173	50627165	18
22	50628174	50627165	18
22	50738140	50735824	0
22	50743521	50740592	0
